30
0.0 996.1141834743341 1002.8999638154111 1002.1606719381867 1005.1163027488122 1001.0677973823758 994.682228230039 1006.096692672489 990.0595129597095 1008.3264808958569 999.9828022377931 1003.6373150360058 1002.8999638154111 1005.1163027488122 996.1079502564087 999.9828022377931 1004.8606216153663 1001.0677973823758 1005.1163027488122 1004.6188393781779 1004.6188393781779 1001.8556701121106 1001.8556701121106 1002.8999638154111 1002.1606719381867 1004.6188393781779 1002.0831655101013 1001.8556701121106 1001.0677973823758 996.1079502564087
996.1141834743341 0.0 999.9828022377931 1014.0782303415597 996.1079502564087 1002.0831655101013 990.0595129597095 1004.8606216153663 1001.0677973823758 1002.8999638154111 1004.6188393781779 999.9828022377931 1001.477787144887 1004.8606216153663 999.9828022377931 1008.3264808958569 1003.6373150360058 996.1141834743341 996.1079502564087 1002.8999638154111 1004.6188393781779 996.1141834743341 999.9828022377931 1002.8999638154111 1004.6188393781779 1002.8999638154111 996.1079502564087 998.9383914086803 998.9383914086803 1000.3218333340976
1002.8999638154111 999.9828022377931 0.0 1003.6373150360058 1006.096692672489 1001.8556701121106 1014.0782303415597 1001.8556701121106 1001.477787144887 994.682228230039 1006.096692672489 994.682228230039 1003.6373150360058 1008.3264808958569 1008.3264808958569 1001.0677973823758 1001.477787144887 1002.0831655101013 1002.1606719381867 1001.0677973823758 1001.8556701121106 1004.6188393781779 1004.8606216153663 990.0595129597095 1001.477787144887 1005.1163027488122 1004.8606216153663 1005.1163027488122 994.682228230039 1003.6373150360058
1002.1606719381867 1014.0782303415597 1003.6373150360058 0.0 1004.8606216153663 996.1079502564087 994.682228230039 1001.477787144887 1001.477787144887 1014.0782303415597 1002.1606719381867 1005.1163027488122 998.9383914086803 1014.0782303415597 1001.477787144887 996.1079502564087 1014.0782303415597 1002.0831655101013 1004.8606216153663 990.0595129597095 996.1079502564087 1002.8999638154111 1002.0831655101013 990.0595129597095 1001.477787144887 1005.1163027488122 1000.3218333340976 1001.477787144887 996.1141834743341 1001.8556701121106
1005.1163027488122 996.1079502564087 1006.096692672489 1004.8606216153663 0.0 996.1141834743341 1002.0831655101013 1002.8999638154111 1002.1606719381867 994.682228230039 1001.0677973823758 996.1079502564087 1004.6188393781779 996.1079502564087 1000.3218333340976 996.1141834743341 1002.1606719381867 1002.0831655101013 999.9828022377931 999.9828022377931 1014.0782303415597 1004.8606216153663 1014.0782303415597 1014.0782303415597 1006.096692672489 998.9383914086803 996.1141834743341 1001.477787144887 1014.0782303415597 996.1079502564087
1001.0677973823758 1002.0831655101013 1001.8556701121106 996.1079502564087 996.1141834743341 0.0 1001.477787144887 1004.6188393781779 1002.1606719381867 1001.0677973823758 1001.8556701121106 994.682228230039 1001.477787144887 998.9383914086803 996.1141834743341 1004.6188393781779 1001.477787144887 1003.6373150360058 1002.0831655101013 1002.0831655101013 1001.0677973823758 1001.0677973823758 1002.1606719381867 1001.8556701121106 1001.0677973823758 1000.3218333340976 1003.6373150360058 1002.8999638154111 1002.8999638154111 996.1141834743341
994.682228230039 990.0595129597095 1014.0782303415597 994.682228230039 1002.0831655101013 1001.477787144887 0.0 1014.0782303415597 1008.3264808958569 1002.1606719381867 1002.0831655101013 1001.8556701121106 1001.0677973823758 990.0595129597095 1005.1163027488122 1014.0782303415597 1004.6188393781779 998.9383914086803 990.0595129597095 1001.0677973823758 1002.1606719381867 998.9383914086803 1001.8556701121106 1004.8606216153663 996.1141834743341 1001.0677973823758 1001.477787144887 996.1079502564087 998.9383914086803 1001.8556701121106
1006.096692672489 1004.8606216153663 1001.8556701121106 1001.477787144887 1002.8999638154111 1004.6188393781779 1014.0782303415597 0.0 1001.0677973823758 996.1079502564087 1004.8606216153663 994.682228230039 1000.3218333340976 1001.8556701121106 1003.6373150360058 1002.1606719381867 1014.0782303415597 1002.8999638154111 996.1141834743341 1004.8606216153663 1002.8999638154111 1005.1163027488122 990.0595129597095 1008.3264808958569 1001.0677973823758 999.9828022377931 1014.0782303415597 1014.0782303415597 1008.3264808958569 990.0595129597095
990.0595129597095 1001.0677973823758 1001.477787144887 1001.477787144887 1002.1606719381867 1002.1606719381867 1008.3264808958569 1001.0677973823758 0.0 998.9383914086803 994.682228230039 1005.1163027488122 999.9828022377931 990.0595129597095 996.1079502564087 1002.0831655101013 1008.3264808958569 1002.8999638154111 1005.1163027488122 996.1141834743341 1002.0831655101013 1002.1606719381867 1002.8999638154111 994.682228230039 1001.477787144887 999.9828022377931 1003.6373150360058 1003.6373150360058 1002.1606719381867 1004.6188393781779
1008.3264808958569 1002.8999638154111 994.682228230039 1014.0782303415597 994.682228230039 1001.0677973823758 1002.1606719381867 996.1079502564087 998.9383914086803 0.0 1001.8556701121106 996.1079502564087 1004.6188393781779 1002.0831655101013 999.9828022377931 1002.1606719381867 1001.8556701121106 1008.3264808958569 996.1079502564087 1001.477787144887 996.1079502564087 1005.1163027488122 1002.0831655101013 1001.8556701121106 1001.0677973823758 998.9383914086803 990.0595129597095 998.9383914086803 990.0595129597095 998.9383914086803
999.9828022377931 1004.6188393781779 1006.096692672489 1002.1606719381867 1001.0677973823758 1001.8556701121106 1002.0831655101013 1004.8606216153663 994.682228230039 1001.8556701121106 0.0 990.0595129597095 998.9383914086803 994.682228230039 1014.0782303415597 1005.1163027488122 1002.8999638154111 1002.8999638154111 1001.477787144887 994.682228230039 1006.096692672489 996.1079502564087 1001.8556701121106 996.1141834743341 1003.6373150360058 996.1079502564087 1001.8556701121106 1001.0677973823758 996.1141834743341 999.9828022377931
1003.6373150360058 999.9828022377931 994.682228230039 1005.1163027488122 996.1079502564087 994.682228230039 1001.8556701121106 994.682228230039 1005.1163027488122 996.1079502564087 990.0595129597095 0.0 994.682228230039 1000.3218333340976 1002.0831655101013 996.1079502564087 1001.8556701121106 1001.477787144887 990.0595129597095 1002.0831655101013 1001.477787144887 1002.0831655101013 1005.1163027488122 1001.477787144887 1004.8606216153663 996.1079502564087 1001.477787144887 996.1141834743341 994.682228230039 1006.096692672489
1002.8999638154111 1001.477787144887 1003.6373150360058 998.9383914086803 1004.6188393781779 1001.477787144887 1001.0677973823758 1000.3218333340976 999.9828022377931 1004.6188393781779 998.9383914086803 994.682228230039 0.0 1002.8999638154111 1002.0831655101013 1002.1606719381867 1001.8556701121106 1000.3218333340976 1001.477787144887 1002.8999638154111 1005.1163027488122 994.682228230039 1004.6188393781779 1001.477787144887 998.9383914086803 1008.3264808958569 1004.6188393781779 1008.3264808958569 1006.096692672489 1001.477787144887
1005.1163027488122 1004.8606216153663 1008.3264808958569 1014.0782303415597 996.1079502564087 998.9383914086803 990.0595129597095 1001.8556701121106 990.0595129597095 1002.0831655101013 994.682228230039 1000.3218333340976 1002.8999638154111 0.0 990.0595129597095 1008.3264808958569 990.0595129597095 1008.3264808958569 1008.3264808958569 1003.6373150360058 1000.3218333340976 1005.1163027488122 990.0595129597095 990.0595129597095 1005.1163027488122 1001.8556701121106 1002.1606719381867 990.0595129597095 990.0595129597095 1004.6188393781779
996.1079502564087 999.9828022377931 1008.3264808958569 1001.477787144887 1000.3218333340976 996.1141834743341 1005.1163027488122 1003.6373150360058 996.1079502564087 999.9828022377931 1014.0782303415597 1002.0831655101013 1002.0831655101013 990.0595129597095 0.0 1005.1163027488122 994.682228230039 1002.8999638154111 1005.1163027488122 1001.8556701121106 1006.096692672489 1004.6188393781779 1006.096692672489 996.1141834743341 998.9383914086803 1001.0677973823758 1001.477787144887 1006.096692672489 999.9828022377931 1002.0831655101013
999.9828022377931 1008.3264808958569 1001.0677973823758 996.1079502564087 996.1141834743341 1004.6188393781779 1014.0782303415597 1002.1606719381867 1002.0831655101013 1002.1606719381867 1005.1163027488122 996.1079502564087 1002.1606719381867 1008.3264808958569 1005.1163027488122 0.0 1004.6188393781779 1001.0677973823758 1002.1606719381867 1005.1163027488122 1000.3218333340976 1002.1606719381867 1001.0677973823758 1001.477787144887 1014.0782303415597 1002.0831655101013 1000.3218333340976 996.1079502564087 996.1079502564087 1004.6188393781779
1004.8606216153663 1003.6373150360058 1001.477787144887 1014.0782303415597 1002.1606719381867 1001.477787144887 1004.6188393781779 1014.0782303415597 1008.3264808958569 1001.8556701121106 1002.8999638154111 1001.8556701121106 1001.8556701121106 990.0595129597095 994.682228230039 1004.6188393781779 0.0 1004.6188393781779 1006.096692672489 1002.8999638154111 1008.3264808958569 990.0595129597095 1001.8556701121106 994.682228230039 1001.0677973823758 1002.1606719381867 1002.1606719381867 999.9828022377931 1002.0831655101013 1002.0831655101013
1001.0677973823758 996.1141834743341 1002.0831655101013 1002.0831655101013 1002.0831655101013 1003.6373150360058 998.9383914086803 1002.8999638154111 1002.8999638154111 1008.3264808958569 1002.8999638154111 1001.477787144887 1000.3218333340976 1008.3264808958569 1002.8999638154111 1001.0677973823758 1004.6188393781779 0.0 1002.0831655101013 1004.8606216153663 1004.6188393781779 1004.6188393781779 1002.1606719381867 1008.3264808958569 1001.8556701121106 998.9383914086803 1014.0782303415597 1006.096692672489 1002.0831655101013 1002.8999638154111
1005.1163027488122 996.1079502564087 1002.1606719381867 1004.8606216153663 999.9828022377931 1002.0831655101013 990.0595129597095 996.1141834743341 1005.1163027488122 996.1079502564087 1001.477787144887 990.0595129597095 1001.477787144887 1008.3264808958569 1005.1163027488122 1002.1606719381867 1006.096692672489 1002.0831655101013 0.0 1004.8606216153663 994.682228230039 1002.8999638154111 1003.6373150360058 1003.6373150360058 1002.8999638154111 1001.8556701121106 1002.8999638154111 999.9828022377931 1004.6188393781779 1005.1163027488122
1004.6188393781779 1002.8999638154111 1001.0677973823758 990.0595129597095 999.9828022377931 1002.0831655101013 1001.0677973823758 1004.8606216153663 996.1141834743341 1001.477787144887 994.682228230039 1002.0831655101013 1002.8999638154111 1003.6373150360058 1001.8556701121106 1005.1163027488122 1002.8999638154111 1004.8606216153663 1004.8606216153663 0.0 998.9383914086803 1014.0782303415597 1008.3264808958569 1002.1606719381867 1000.3218333340976 996.1079502564087 1002.1606719381867 1001.477787144887 1001.8556701121106 1014.0782303415597
1004.6188393781779 1004.6188393781779 1001.8556701121106 996.1079502564087 1014.0782303415597 1001.0677973823758 1002.1606719381867 1002.8999638154111 1002.0831655101013 996.1079502564087 1006.096692672489 1001.477787144887 1005.1163027488122 1000.3218333340976 1006.096692672489 1000.3218333340976 1008.3264808958569 1004.6188393781779 994.682228230039 998.9383914086803 0.0 1006.096692672489 1002.0831655101013 1002.0831655101013 1002.8999638154111 1002.0831655101013 1006.096692672489 996.1079502564087 1001.477787144887 990.0595129597095
1001.8556701121106 996.1141834743341 1004.6188393781779 1002.8999638154111 1004.8606216153663 1001.0677973823758 998.9383914086803 1005.1163027488122 1002.1606719381867 1005.1163027488122 996.1079502564087 1002.0831655101013 994.682228230039 1005.1163027488122 1004.6188393781779 1002.1606719381867 990.0595129597095 1004.6188393781779 1002.8999638154111 1014.0782303415597 1006.096692672489 0.0 1000.3218333340976 990.0595129597095 1002.1606719381867 1014.0782303415597 999.9828022377931 996.1079502564087 1001.8556701121106 1001.0677973823758
1001.8556701121106 999.9828022377931 1004.8606216153663 1002.0831655101013 1014.0782303415597 1002.1606719381867 1001.8556701121106 990.0595129597095 1002.8999638154111 1002.0831655101013 1001.8556701121106 1005.1163027488122 1004.6188393781779 990.0595129597095 1006.096692672489 1001.0677973823758 1001.8556701121106 1002.1606719381867 1003.6373150360058 1008.3264808958569 1002.0831655101013 1000.3218333340976 0.0 996.1141834743341 1004.6188393781779 999.9828022377931 1004.6188393781779 1001.0677973823758 1004.6188393781779 1006.096692672489
1002.8999638154111 1002.8999638154111 990.0595129597095 990.0595129597095 1014.0782303415597 1001.8556701121106 1004.8606216153663 1008.3264808958569 994.682228230039 1001.8556701121106 996.1141834743341 1001.477787144887 1001.477787144887 990.0595129597095 996.1141834743341 1001.477787144887 994.682228230039 1008.3264808958569 1003.6373150360058 1002.1606719381867 1002.0831655101013 990.0595129597095 996.1141834743341 0.0 1002.8999638154111 1001.8556701121106 999.9828022377931 996.1079502564087 996.1141834743341 998.9383914086803
1002.1606719381867 1004.6188393781779 1001.477787144887 1001.477787144887 1006.096692672489 1001.0677973823758 996.1141834743341 1001.0677973823758 1001.477787144887 1001.0677973823758 1003.6373150360058 1004.8606216153663 998.9383914086803 1005.1163027488122 998.9383914086803 1014.0782303415597 1001.0677973823758 1001.8556701121106 1002.8999638154111 1000.3218333340976 1002.8999638154111 1002.1606719381867 1004.6188393781779 1002.8999638154111 0.0 996.1079502564087 1001.477787144887 1003.6373150360058 996.1141834743341 996.1079502564087
1004.6188393781779 1002.8999638154111 1005.1163027488122 1005.1163027488122 998.9383914086803 1000.3218333340976 1001.0677973823758 999.9828022377931 999.9828022377931 998.9383914086803 996.1079502564087 996.1079502564087 1008.3264808958569 1001.8556701121106 1001.0677973823758 1002.0831655101013 1002.1606719381867 998.9383914086803 1001.8556701121106 996.1079502564087 1002.0831655101013 1014.0782303415597 999.9828022377931 1001.8556701121106 996.1079502564087 0.0 998.9383914086803 990.0595129597095 1004.6188393781779 1005.1163027488122
1002.0831655101013 996.1079502564087 1004.8606216153663 1000.3218333340976 996.1141834743341 1003.6373150360058 1001.477787144887 1014.0782303415597 1003.6373150360058 990.0595129597095 1001.8556701121106 1001.477787144887 1004.6188393781779 1002.1606719381867 1001.477787144887 1000.3218333340976 1002.1606719381867 1014.0782303415597 1002.8999638154111 1002.1606719381867 1006.096692672489 999.9828022377931 1004.6188393781779 999.9828022377931 1001.477787144887 998.9383914086803 0.0 1002.1606719381867 996.1079502564087 1005.1163027488122
1001.8556701121106 998.9383914086803 1005.1163027488122 1001.477787144887 1001.477787144887 1002.8999638154111 996.1079502564087 1014.0782303415597 1003.6373150360058 998.9383914086803 1001.0677973823758 996.1141834743341 1008.3264808958569 990.0595129597095 1006.096692672489 996.1079502564087 999.9828022377931 1006.096692672489 999.9828022377931 1001.477787144887 996.1079502564087 996.1079502564087 1001.0677973823758 996.1079502564087 1003.6373150360058 990.0595129597095 1002.1606719381867 0.0 1003.6373150360058 1002.0831655101013
1001.0677973823758 998.9383914086803 994.682228230039 996.1141834743341 1014.0782303415597 1002.8999638154111 998.9383914086803 1008.3264808958569 1002.1606719381867 990.0595129597095 996.1141834743341 994.682228230039 1006.096692672489 990.0595129597095 999.9828022377931 996.1079502564087 1002.0831655101013 1002.0831655101013 1004.6188393781779 1001.8556701121106 1001.477787144887 1001.8556701121106 1004.6188393781779 996.1141834743341 996.1141834743341 1004.6188393781779 996.1079502564087 1003.6373150360058 0.0 1001.8556701121106
996.1079502564087 1000.3218333340976 1003.6373150360058 1001.8556701121106 996.1079502564087 996.1141834743341 1001.8556701121106 990.0595129597095 1004.6188393781779 998.9383914086803 999.9828022377931 1006.096692672489 1001.477787144887 1004.6188393781779 1002.0831655101013 1004.6188393781779 1002.0831655101013 1002.8999638154111 1005.1163027488122 1014.0782303415597 990.0595129597095 1001.0677973823758 1006.096692672489 998.9383914086803 996.1079502564087 1005.1163027488122 1005.1163027488122 1002.0831655101013 1001.8556701121106 0.0
