10
0.0 96.5029894477724 109.27537861333477 109.27537861333477 79.28949380676553 69.03832917454838 69.03832917454838 69.03832917454838 79.28949380676553 109.27537861333477
96.5029894477724 0.0 79.28949380676553 69.03832917454838 96.5029894477724 96.5029894477724 97.59174897328465 109.27537861333477 109.27537861333477 79.28949380676553
109.27537861333477 79.28949380676553 0.0 69.03832917454838 79.28949380676553 69.03832917454838 96.5029894477724 96.5029894477724 69.03832917454838 69.03832917454838
109.27537861333477 69.03832917454838 69.03832917454838 0.0 69.03832917454838 96.5029894477724 109.27537861333477 96.5029894477724 97.59174897328465 96.5029894477724
79.28949380676553 96.5029894477724 79.28949380676553 69.03832917454838 0.0 97.59174897328465 109.27537861333477 109.27537861333477 96.5029894477724 69.03832917454838
69.03832917454838 96.5029894477724 69.03832917454838 96.5029894477724 97.59174897328465 0.0 109.27537861333477 109.27537861333477 96.5029894477724 109.27537861333477
69.03832917454838 97.59174897328465 96.5029894477724 109.27537861333477 109.27537861333477 109.27537861333477 0.0 109.27537861333477 69.03832917454838 109.27537861333477
69.03832917454838 109.27537861333477 96.5029894477724 96.5029894477724 109.27537861333477 109.27537861333477 109.27537861333477 0.0 79.28949380676553 69.03832917454838
79.28949380676553 109.27537861333477 69.03832917454838 97.59174897328465 96.5029894477724 96.5029894477724 69.03832917454838 79.28949380676553 0.0 79.28949380676553
109.27537861333477 79.28949380676553 69.03832917454838 96.5029894477724 69.03832917454838 109.27537861333477 109.27537861333477 69.03832917454838 79.28949380676553 0.0
