30
0.0 992.7304584590499 937.1030246774977 992.7304584590499 1053.442141511963 992.7304584590499 937.1030246774977 992.7304584590499 1017.4456030607988 1017.4456030607988 937.1030246774977 1036.3205618228199 1053.442141511963 884.4330756505615 1283.0738434275636 1125.844351208004 1125.844351208004 1283.0738434275636 932.0112598477941 937.1030246774977 1309.8810278317699 1646.6337954503338 884.4330756505615 655.1627994372323 1017.4456030607988 1646.6337954503338 932.0112598477941 937.1030246774977 884.4330756505615 1125.844351208004
992.7304584590499 0.0 685.2257577553619 1053.442141511963 1053.442141511963 1017.4456030607988 1308.6144982050537 992.7304584590499 655.1627994372323 1646.6337954503338 1125.844351208004 1125.844351208004 655.1627994372323 685.2257577553619 685.2257577553619 970.5080120843769 992.7304584590499 1017.4456030607988 970.5080120843769 937.1030246774977 884.4330756505615 1308.6144982050537 1125.844351208004 685.2257577553619 1646.6337954503338 992.7304584590499 884.4330756505615 1646.6337954503338 932.0112598477941 685.2257577553619
937.1030246774977 685.2257577553619 0.0 970.5080120843769 685.2257577553619 1308.6144982050537 884.4330756505615 1283.0738434275636 1017.4456030607988 1125.844351208004 1053.442141511963 992.7304584590499 1017.4456030607988 970.5080120843769 1308.6144982050537 1125.844351208004 1646.6337954503338 1646.6337954503338 884.4330756505615 655.1627994372323 1017.4456030607988 1308.6144982050537 884.4330756505615 1053.442141511963 992.7304584590499 1125.844351208004 970.5080120843769 1017.4456030607988 937.1030246774977 1053.442141511963
992.7304584590499 1053.442141511963 970.5080120843769 0.0 1053.442141511963 970.5080120843769 685.2257577553619 655.1627994372323 992.7304584590499 970.5080120843769 685.2257577553619 1283.0738434275636 655.1627994372323 937.1030246774977 1309.8810278317699 1308.6144982050537 1309.8810278317699 884.4330756505615 1283.0738434275636 1017.4456030607988 1646.6337954503338 1308.6144982050537 932.0112598477941 937.1030246774977 1036.3205618228199 1646.6337954503338 655.1627994372323 1646.6337954503338 1283.0738434275636 1053.442141511963
1053.442141511963 1053.442141511963 685.2257577553619 1053.442141511963 0.0 970.5080120843769 937.1030246774977 1125.844351208004 1309.8810278317699 884.4330756505615 685.2257577553619 1036.3205618228199 937.1030246774977 1053.442141511963 1308.6144982050537 1125.844351208004 992.7304584590499 1646.6337954503338 884.4330756505615 937.1030246774977 1125.844351208004 1309.8810278317699 992.7304584590499 937.1030246774977 1017.4456030607988 1308.6144982050537 1283.0738434275636 1646.6337954503338 1036.3205618228199 1308.6144982050537
992.7304584590499 1017.4456030607988 1308.6144982050537 970.5080120843769 970.5080120843769 0.0 884.4330756505615 937.1030246774977 1309.8810278317699 1308.6144982050537 1036.3205618228199 1125.844351208004 932.0112598477941 1036.3205618228199 937.1030246774977 932.0112598477941 1053.442141511963 655.1627994372323 1036.3205618228199 1125.844351208004 970.5080120843769 1283.0738434275636 1017.4456030607988 992.7304584590499 992.7304584590499 1309.8810278317699 937.1030246774977 1308.6144982050537 1646.6337954503338 1125.844351208004
937.1030246774977 1308.6144982050537 884.4330756505615 685.2257577553619 937.1030246774977 884.4330756505615 0.0 970.5080120843769 1053.442141511963 655.1627994372323 1036.3205618228199 1125.844351208004 970.5080120843769 685.2257577553619 685.2257577553619 1017.4456030607988 884.4330756505615 992.7304584590499 655.1627994372323 1308.6144982050537 1309.8810278317699 1017.4456030607988 1283.0738434275636 937.1030246774977 1125.844351208004 685.2257577553619 937.1030246774977 655.1627994372323 1309.8810278317699 1309.8810278317699
992.7304584590499 992.7304584590499 1283.0738434275636 655.1627994372323 1125.844351208004 937.1030246774977 970.5080120843769 0.0 1308.6144982050537 1309.8810278317699 937.1030246774977 685.2257577553619 1283.0738434275636 655.1627994372323 1646.6337954503338 685.2257577553619 1308.6144982050537 655.1627994372323 1053.442141511963 1646.6337954503338 1309.8810278317699 1309.8810278317699 1308.6144982050537 1308.6144982050537 655.1627994372323 1283.0738434275636 1017.4456030607988 1036.3205618228199 937.1030246774977 932.0112598477941
1017.4456030607988 655.1627994372323 1017.4456030607988 992.7304584590499 1309.8810278317699 1309.8810278317699 1053.442141511963 1308.6144982050537 0.0 1309.8810278317699 685.2257577553619 1646.6337954503338 1283.0738434275636 1309.8810278317699 1036.3205618228199 1017.4456030607988 970.5080120843769 1283.0738434275636 937.1030246774977 655.1627994372323 685.2257577553619 1017.4456030607988 1309.8810278317699 932.0112598477941 932.0112598477941 1309.8810278317699 884.4330756505615 1309.8810278317699 1125.844351208004 655.1627994372323
1017.4456030607988 1646.6337954503338 1125.844351208004 970.5080120843769 884.4330756505615 1308.6144982050537 655.1627994372323 1309.8810278317699 1309.8810278317699 0.0 1125.844351208004 937.1030246774977 685.2257577553619 1125.844351208004 1309.8810278317699 970.5080120843769 1646.6337954503338 1283.0738434275636 1017.4456030607988 685.2257577553619 1017.4456030607988 655.1627994372323 992.7304584590499 970.5080120843769 655.1627994372323 1283.0738434275636 1308.6144982050537 970.5080120843769 1036.3205618228199 932.0112598477941
937.1030246774977 1125.844351208004 1053.442141511963 685.2257577553619 685.2257577553619 1036.3205618228199 1036.3205618228199 937.1030246774977 685.2257577553619 1125.844351208004 0.0 685.2257577553619 1308.6144982050537 1308.6144982050537 1053.442141511963 1283.0738434275636 992.7304584590499 685.2257577553619 937.1030246774977 685.2257577553619 1053.442141511963 1053.442141511963 685.2257577553619 1036.3205618228199 1283.0738434275636 970.5080120843769 1283.0738434275636 1125.844351208004 884.4330756505615 1125.844351208004
1036.3205618228199 1125.844351208004 992.7304584590499 1283.0738434275636 1036.3205618228199 1125.844351208004 1125.844351208004 685.2257577553619 1646.6337954503338 937.1030246774977 685.2257577553619 0.0 1309.8810278317699 1283.0738434275636 1308.6144982050537 655.1627994372323 1125.844351208004 1053.442141511963 1125.844351208004 1646.6337954503338 992.7304584590499 655.1627994372323 932.0112598477941 1125.844351208004 937.1030246774977 1308.6144982050537 1309.8810278317699 1125.844351208004 1646.6337954503338 1308.6144982050537
1053.442141511963 655.1627994372323 1017.4456030607988 655.1627994372323 937.1030246774977 932.0112598477941 970.5080120843769 1283.0738434275636 1283.0738434275636 685.2257577553619 1308.6144982050537 1309.8810278317699 0.0 1036.3205618228199 685.2257577553619 1308.6144982050537 1283.0738434275636 970.5080120843769 992.7304584590499 937.1030246774977 932.0112598477941 970.5080120843769 1309.8810278317699 884.4330756505615 1125.844351208004 937.1030246774977 655.1627994372323 992.7304584590499 932.0112598477941 1309.8810278317699
884.4330756505615 685.2257577553619 970.5080120843769 937.1030246774977 1053.442141511963 1036.3205618228199 685.2257577553619 655.1627994372323 1309.8810278317699 1125.844351208004 1308.6144982050537 1283.0738434275636 1036.3205618228199 0.0 1283.0738434275636 992.7304584590499 1283.0738434275636 1646.6337954503338 1308.6144982050537 1309.8810278317699 655.1627994372323 937.1030246774977 685.2257577553619 932.0112598477941 1283.0738434275636 685.2257577553619 1308.6144982050537 1017.4456030607988 1308.6144982050537 685.2257577553619
1283.0738434275636 685.2257577553619 1308.6144982050537 1309.8810278317699 1308.6144982050537 937.1030246774977 685.2257577553619 1646.6337954503338 1036.3205618228199 1309.8810278317699 1053.442141511963 1308.6144982050537 685.2257577553619 1283.0738434275636 0.0 992.7304584590499 1309.8810278317699 884.4330756505615 970.5080120843769 992.7304584590499 1308.6144982050537 1125.844351208004 970.5080120843769 1036.3205618228199 1283.0738434275636 1646.6337954503338 1053.442141511963 1308.6144982050537 992.7304584590499 992.7304584590499
1125.844351208004 970.5080120843769 1125.844351208004 1308.6144982050537 1125.844351208004 932.0112598477941 1017.4456030607988 685.2257577553619 1017.4456030607988 970.5080120843769 1283.0738434275636 655.1627994372323 1308.6144982050537 992.7304584590499 992.7304584590499 0.0 884.4330756505615 685.2257577553619 1125.844351208004 1308.6144982050537 1283.0738434275636 1283.0738434275636 1646.6337954503338 1646.6337954503338 1125.844351208004 685.2257577553619 1053.442141511963 655.1627994372323 655.1627994372323 1283.0738434275636
1125.844351208004 992.7304584590499 1646.6337954503338 1309.8810278317699 992.7304584590499 1053.442141511963 884.4330756505615 1308.6144982050537 970.5080120843769 1646.6337954503338 992.7304584590499 1125.844351208004 1283.0738434275636 1283.0738434275636 1309.8810278317699 884.4330756505615 0.0 884.4330756505615 1036.3205618228199 992.7304584590499 1017.4456030607988 1125.844351208004 1017.4456030607988 970.5080120843769 655.1627994372323 655.1627994372323 884.4330756505615 992.7304584590499 655.1627994372323 992.7304584590499
1283.0738434275636 1017.4456030607988 1646.6337954503338 884.4330756505615 1646.6337954503338 655.1627994372323 992.7304584590499 655.1627994372323 1283.0738434275636 1283.0738434275636 685.2257577553619 1053.442141511963 970.5080120843769 1646.6337954503338 884.4330756505615 685.2257577553619 884.4330756505615 0.0 1053.442141511963 1017.4456030607988 1309.8810278317699 685.2257577553619 1308.6144982050537 992.7304584590499 1646.6337954503338 655.1627994372323 970.5080120843769 685.2257577553619 1053.442141511963 992.7304584590499
932.0112598477941 970.5080120843769 884.4330756505615 1283.0738434275636 884.4330756505615 1036.3205618228199 655.1627994372323 1053.442141511963 937.1030246774977 1017.4456030607988 937.1030246774977 1125.844351208004 992.7304584590499 1308.6144982050537 970.5080120843769 1125.844351208004 1036.3205618228199 1053.442141511963 0.0 884.4330756505615 992.7304584590499 1308.6144982050537 1125.844351208004 1036.3205618228199 1036.3205618228199 932.0112598477941 1125.844351208004 1308.6144982050537 1308.6144982050537 1308.6144982050537
937.1030246774977 937.1030246774977 655.1627994372323 1017.4456030607988 937.1030246774977 1125.844351208004 1308.6144982050537 1646.6337954503338 655.1627994372323 685.2257577553619 685.2257577553619 1646.6337954503338 937.1030246774977 1309.8810278317699 992.7304584590499 1308.6144982050537 992.7304584590499 1017.4456030607988 884.4330756505615 0.0 1053.442141511963 1308.6144982050537 970.5080120843769 1053.442141511963 655.1627994372323 1125.844351208004 1646.6337954503338 1309.8810278317699 992.7304584590499 992.7304584590499
1309.8810278317699 884.4330756505615 1017.4456030607988 1646.6337954503338 1125.844351208004 970.5080120843769 1309.8810278317699 1309.8810278317699 685.2257577553619 1017.4456030607988 1053.442141511963 992.7304584590499 932.0112598477941 655.1627994372323 1308.6144982050537 1283.0738434275636 1017.4456030607988 1309.8810278317699 992.7304584590499 1053.442141511963 0.0 1308.6144982050537 992.7304584590499 1308.6144982050537 970.5080120843769 1283.0738434275636 655.1627994372323 1646.6337954503338 1646.6337954503338 932.0112598477941
1646.6337954503338 1308.6144982050537 1308.6144982050537 1308.6144982050537 1309.8810278317699 1283.0738434275636 1017.4456030607988 1309.8810278317699 1017.4456030607988 655.1627994372323 1053.442141511963 655.1627994372323 970.5080120843769 937.1030246774977 1125.844351208004 1283.0738434275636 1125.844351208004 685.2257577553619 1308.6144982050537 1308.6144982050537 1308.6144982050537 0.0 884.4330756505615 1309.8810278317699 655.1627994372323 1017.4456030607988 655.1627994372323 937.1030246774977 1308.6144982050537 1308.6144982050537
884.4330756505615 1125.844351208004 884.4330756505615 932.0112598477941 992.7304584590499 1017.4456030607988 1283.0738434275636 1308.6144982050537 1309.8810278317699 992.7304584590499 685.2257577553619 932.0112598477941 1309.8810278317699 685.2257577553619 970.5080120843769 1646.6337954503338 1017.4456030607988 1308.6144982050537 1125.844351208004 970.5080120843769 992.7304584590499 884.4330756505615 0.0 937.1030246774977 1125.844351208004 1309.8810278317699 1309.8810278317699 1125.844351208004 655.1627994372323 937.1030246774977
655.1627994372323 685.2257577553619 1053.442141511963 937.1030246774977 937.1030246774977 992.7304584590499 937.1030246774977 1308.6144982050537 932.0112598477941 970.5080120843769 1036.3205618228199 1125.844351208004 884.4330756505615 932.0112598477941 1036.3205618228199 1646.6337954503338 970.5080120843769 992.7304584590499 1036.3205618228199 1053.442141511963 1308.6144982050537 1309.8810278317699 937.1030246774977 0.0 655.1627994372323 685.2257577553619 1017.4456030607988 932.0112598477941 655.1627994372323 1017.4456030607988
1017.4456030607988 1646.6337954503338 992.7304584590499 1036.3205618228199 1017.4456030607988 992.7304584590499 1125.844351208004 655.1627994372323 932.0112598477941 655.1627994372323 1283.0738434275636 937.1030246774977 1125.844351208004 1283.0738434275636 1283.0738434275636 1125.844351208004 655.1627994372323 1646.6337954503338 1036.3205618228199 655.1627994372323 970.5080120843769 655.1627994372323 1125.844351208004 655.1627994372323 0.0 1125.844351208004 937.1030246774977 932.0112598477941 1017.4456030607988 1017.4456030607988
1646.6337954503338 992.7304584590499 1125.844351208004 1646.6337954503338 1308.6144982050537 1309.8810278317699 685.2257577553619 1283.0738434275636 1309.8810278317699 1283.0738434275636 970.5080120843769 1308.6144982050537 937.1030246774977 685.2257577553619 1646.6337954503338 685.2257577553619 655.1627994372323 655.1627994372323 932.0112598477941 1125.844351208004 1283.0738434275636 1017.4456030607988 1309.8810278317699 685.2257577553619 1125.844351208004 0.0 932.0112598477941 992.7304584590499 884.4330756505615 1308.6144982050537
932.0112598477941 884.4330756505615 970.5080120843769 655.1627994372323 1283.0738434275636 937.1030246774977 937.1030246774977 1017.4456030607988 884.4330756505615 1308.6144982050537 1283.0738434275636 1309.8810278317699 655.1627994372323 1308.6144982050537 1053.442141511963 1053.442141511963 884.4330756505615 970.5080120843769 1125.844351208004 1646.6337954503338 655.1627994372323 655.1627994372323 1309.8810278317699 1017.4456030607988 937.1030246774977 932.0112598477941 0.0 685.2257577553619 932.0112598477941 1017.4456030607988
937.1030246774977 1646.6337954503338 1017.4456030607988 1646.6337954503338 1646.6337954503338 1308.6144982050537 655.1627994372323 1036.3205618228199 1309.8810278317699 970.5080120843769 1125.844351208004 1125.844351208004 992.7304584590499 1017.4456030607988 1308.6144982050537 655.1627994372323 992.7304584590499 685.2257577553619 1308.6144982050537 1309.8810278317699 1646.6337954503338 937.1030246774977 1125.844351208004 932.0112598477941 932.0112598477941 992.7304584590499 685.2257577553619 0.0 1017.4456030607988 1309.8810278317699
884.4330756505615 932.0112598477941 937.1030246774977 1283.0738434275636 1036.3205618228199 1646.6337954503338 1309.8810278317699 937.1030246774977 1125.844351208004 1036.3205618228199 884.4330756505615 1646.6337954503338 932.0112598477941 1308.6144982050537 992.7304584590499 655.1627994372323 655.1627994372323 1053.442141511963 1308.6144982050537 992.7304584590499 1646.6337954503338 1308.6144982050537 655.1627994372323 655.1627994372323 1017.4456030607988 884.4330756505615 932.0112598477941 1017.4456030607988 0.0 1053.442141511963
1125.844351208004 685.2257577553619 1053.442141511963 1053.442141511963 1308.6144982050537 1125.844351208004 1309.8810278317699 932.0112598477941 655.1627994372323 932.0112598477941 1125.844351208004 1308.6144982050537 1309.8810278317699 685.2257577553619 992.7304584590499 1283.0738434275636 992.7304584590499 992.7304584590499 1308.6144982050537 992.7304584590499 932.0112598477941 1308.6144982050537 937.1030246774977 1017.4456030607988 1017.4456030607988 1308.6144982050537 1017.4456030607988 1309.8810278317699 1053.442141511963 0.0
