30
0.0 840.3413858215162 1045.3923971974698 1214.6427233255645 1045.3923971974698 742.122225841501 1110.484370930291 1025.403840405839 512.5806905565053 1245.5670793982026 690.4964293120056 1089.012179387094 1214.6427233255645 1411.2658243531323 1105.3147885788237 840.3413858215162 978.055570808496 512.5806905565053 1090.1260159858691 757.916013709903 978.055570808496 840.3413858215162 1090.1260159858691 512.5806905565053 1090.1260159858691 1411.2658243531323 1110.484370930291 808.1185237211687 1090.1260159858691 1089.012179387094
840.3413858215162 0.0 1411.2658243531323 1089.012179387094 978.055570808496 1212.504450669966 1085.1720870935785 1025.403840405839 1089.012179387094 1411.2658243531323 1245.5670793982026 1025.403840405839 840.3413858215162 978.055570808496 840.3413858215162 1214.6427233255645 1105.3147885788237 1212.504450669966 1245.5670793982026 980.5554736276906 742.122225841501 757.916013709903 1411.2658243531323 1089.012179387094 1025.403840405839 935.5963091393354 1090.1260159858691 742.122225841501 1245.5670793982026 978.055570808496
1045.3923971974698 1411.2658243531323 0.0 1045.3923971974698 1212.504450669966 1245.5670793982026 840.3413858215162 1090.1260159858691 1110.484370930291 840.3413858215162 1245.5670793982026 1411.2658243531323 1085.1720870935785 1110.484370930291 512.5806905565053 1411.2658243531323 935.5963091393354 840.3413858215162 1089.012179387094 1245.5670793982026 757.916013709903 1105.3147885788237 742.122225841501 1214.6427233255645 1214.6427233255645 1090.1260159858691 1212.504450669966 1090.1260159858691 1105.3147885788237 757.916013709903
1214.6427233255645 1089.012179387094 1045.3923971974698 0.0 512.5806905565053 978.055570808496 742.122225841501 1085.1720870935785 1110.484370930291 840.3413858215162 1214.6427233255645 742.122225841501 1085.1720870935785 1089.012179387094 980.5554736276906 1045.3923971974698 1045.3923971974698 980.5554736276906 840.3413858215162 1085.1720870935785 1212.504450669966 742.122225841501 1025.403840405839 978.055570808496 1045.3923971974698 935.5963091393354 1245.5670793982026 690.4964293120056 1212.504450669966 1212.504450669966
1045.3923971974698 978.055570808496 1212.504450669966 512.5806905565053 0.0 1245.5670793982026 840.3413858215162 1025.403840405839 690.4964293120056 1245.5670793982026 1085.1720870935785 1105.3147885788237 1245.5670793982026 1245.5670793982026 840.3413858215162 840.3413858215162 980.5554736276906 757.916013709903 1085.1720870935785 757.916013709903 1110.484370930291 512.5806905565053 935.5963091393354 690.4964293120056 980.5554736276906 1245.5670793982026 512.5806905565053 1045.3923971974698 742.122225841501 980.5554736276906
742.122225841501 1212.504450669966 1245.5670793982026 978.055570808496 1245.5670793982026 0.0 978.055570808496 1245.5670793982026 1214.6427233255645 1085.1720870935785 1245.5670793982026 978.055570808496 1245.5670793982026 808.1185237211687 980.5554736276906 742.122225841501 808.1185237211687 1411.2658243531323 1025.403840405839 1105.3147885788237 1105.3147885788237 1090.1260159858691 808.1185237211687 1045.3923971974698 978.055570808496 1245.5670793982026 1089.012179387094 1212.504450669966 742.122225841501 1212.504450669966
1110.484370930291 1085.1720870935785 840.3413858215162 742.122225841501 840.3413858215162 978.055570808496 0.0 1045.3923971974698 742.122225841501 1245.5670793982026 1025.403840405839 690.4964293120056 1110.484370930291 1411.2658243531323 757.916013709903 935.5963091393354 1089.012179387094 1411.2658243531323 757.916013709903 1045.3923971974698 1411.2658243531323 1025.403840405839 1089.012179387094 512.5806905565053 935.5963091393354 1411.2658243531323 1045.3923971974698 690.4964293120056 757.916013709903 1411.2658243531323
1025.403840405839 1025.403840405839 1090.1260159858691 1085.1720870935785 1025.403840405839 1245.5670793982026 1045.3923971974698 0.0 1245.5670793982026 742.122225841501 1045.3923971974698 980.5554736276906 935.5963091393354 1089.012179387094 1045.3923971974698 1212.504450669966 840.3413858215162 1090.1260159858691 1105.3147885788237 1105.3147885788237 690.4964293120056 978.055570808496 978.055570808496 1105.3147885788237 1090.1260159858691 1245.5670793982026 742.122225841501 1085.1720870935785 1090.1260159858691 512.5806905565053
512.5806905565053 1089.012179387094 1110.484370930291 1110.484370930291 690.4964293120056 1214.6427233255645 742.122225841501 1245.5670793982026 0.0 512.5806905565053 1105.3147885788237 757.916013709903 1214.6427233255645 980.5554736276906 512.5806905565053 1089.012179387094 1212.504450669966 1025.403840405839 1214.6427233255645 1085.1720870935785 757.916013709903 757.916013709903 1212.504450669966 1110.484370930291 1085.1720870935785 757.916013709903 1212.504450669966 1105.3147885788237 742.122225841501 1110.484370930291
1245.5670793982026 1411.2658243531323 840.3413858215162 840.3413858215162 1245.5670793982026 1085.1720870935785 1245.5670793982026 742.122225841501 512.5806905565053 0.0 1025.403840405839 1105.3147885788237 1411.2658243531323 690.4964293120056 978.055570808496 1105.3147885788237 1025.403840405839 935.5963091393354 742.122225841501 840.3413858215162 690.4964293120056 1212.504450669966 1105.3147885788237 840.3413858215162 512.5806905565053 980.5554736276906 1214.6427233255645 808.1185237211687 840.3413858215162 1089.012179387094
690.4964293120056 1245.5670793982026 1245.5670793982026 1214.6427233255645 1085.1720870935785 1245.5670793982026 1025.403840405839 1045.3923971974698 1105.3147885788237 1025.403840405839 0.0 1245.5670793982026 808.1185237211687 1212.504450669966 1045.3923971974698 1025.403840405839 742.122225841501 757.916013709903 690.4964293120056 1025.403840405839 1045.3923971974698 1085.1720870935785 1085.1720870935785 512.5806905565053 1110.484370930291 1090.1260159858691 808.1185237211687 1411.2658243531323 935.5963091393354 1411.2658243531323
1089.012179387094 1025.403840405839 1411.2658243531323 742.122225841501 1105.3147885788237 978.055570808496 690.4964293120056 980.5554736276906 757.916013709903 1105.3147885788237 1245.5670793982026 0.0 808.1185237211687 978.055570808496 1090.1260159858691 1105.3147885788237 980.5554736276906 1245.5670793982026 1085.1720870935785 1045.3923971974698 1214.6427233255645 978.055570808496 935.5963091393354 1245.5670793982026 1212.504450669966 1090.1260159858691 980.5554736276906 1411.2658243531323 1110.484370930291 690.4964293120056
1214.6427233255645 840.3413858215162 1085.1720870935785 1085.1720870935785 1245.5670793982026 1245.5670793982026 1110.484370930291 935.5963091393354 1214.6427233255645 1411.2658243531323 808.1185237211687 808.1185237211687 0.0 1411.2658243531323 935.5963091393354 1214.6427233255645 512.5806905565053 757.916013709903 757.916013709903 742.122225841501 512.5806905565053 1085.1720870935785 1214.6427233255645 1105.3147885788237 980.5554736276906 1110.484370930291 1045.3923971974698 1105.3147885788237 512.5806905565053 978.055570808496
1411.2658243531323 978.055570808496 1110.484370930291 1089.012179387094 1245.5670793982026 808.1185237211687 1411.2658243531323 1089.012179387094 980.5554736276906 690.4964293120056 1212.504450669966 978.055570808496 1411.2658243531323 0.0 690.4964293120056 1089.012179387094 1245.5670793982026 980.5554736276906 1245.5670793982026 1085.1720870935785 840.3413858215162 935.5963091393354 935.5963091393354 1411.2658243531323 512.5806905565053 1411.2658243531323 1089.012179387094 1090.1260159858691 742.122225841501 1025.403840405839
1105.3147885788237 840.3413858215162 512.5806905565053 980.5554736276906 840.3413858215162 980.5554736276906 757.916013709903 1045.3923971974698 512.5806905565053 978.055570808496 1045.3923971974698 1090.1260159858691 935.5963091393354 690.4964293120056 0.0 1212.504450669966 1214.6427233255645 808.1185237211687 1245.5670793982026 690.4964293120056 935.5963091393354 1411.2658243531323 1411.2658243531323 935.5963091393354 978.055570808496 1025.403840405839 512.5806905565053 512.5806905565053 935.5963091393354 757.916013709903
840.3413858215162 1214.6427233255645 1411.2658243531323 1045.3923971974698 840.3413858215162 742.122225841501 935.5963091393354 1212.504450669966 1089.012179387094 1105.3147885788237 1025.403840405839 1105.3147885788237 1214.6427233255645 1089.012179387094 1212.504450669966 0.0 742.122225841501 980.5554736276906 1245.5670793982026 742.122225841501 512.5806905565053 690.4964293120056 1110.484370930291 808.1185237211687 1212.504450669966 978.055570808496 1245.5670793982026 1090.1260159858691 1085.1720870935785 1214.6427233255645
978.055570808496 1105.3147885788237 935.5963091393354 1045.3923971974698 980.5554736276906 808.1185237211687 1089.012179387094 840.3413858215162 1212.504450669966 1025.403840405839 742.122225841501 980.5554736276906 512.5806905565053 1245.5670793982026 1214.6427233255645 742.122225841501 0.0 808.1185237211687 1085.1720870935785 742.122225841501 1085.1720870935785 1110.484370930291 980.5554736276906 935.5963091393354 512.5806905565053 1105.3147885788237 1089.012179387094 690.4964293120056 757.916013709903 1214.6427233255645
512.5806905565053 1212.504450669966 840.3413858215162 980.5554736276906 757.916013709903 1411.2658243531323 1411.2658243531323 1090.1260159858691 1025.403840405839 935.5963091393354 757.916013709903 1245.5670793982026 757.916013709903 980.5554736276906 808.1185237211687 980.5554736276906 808.1185237211687 0.0 1045.3923971974698 1110.484370930291 1411.2658243531323 1090.1260159858691 1090.1260159858691 1245.5670793982026 808.1185237211687 1214.6427233255645 1245.5670793982026 1214.6427233255645 742.122225841501 980.5554736276906
1090.1260159858691 1245.5670793982026 1089.012179387094 840.3413858215162 1085.1720870935785 1025.403840405839 757.916013709903 1105.3147885788237 1214.6427233255645 742.122225841501 690.4964293120056 1085.1720870935785 757.916013709903 1245.5670793982026 1245.5670793982026 1245.5670793982026 1085.1720870935785 1045.3923971974698 0.0 1090.1260159858691 1025.403840405839 1214.6427233255645 1085.1720870935785 1110.484370930291 512.5806905565053 690.4964293120056 840.3413858215162 1025.403840405839 978.055570808496 1105.3147885788237
757.916013709903 980.5554736276906 1245.5670793982026 1085.1720870935785 757.916013709903 1105.3147885788237 1045.3923971974698 1105.3147885788237 1085.1720870935785 840.3413858215162 1025.403840405839 1045.3923971974698 742.122225841501 1085.1720870935785 690.4964293120056 742.122225841501 742.122225841501 1110.484370930291 1090.1260159858691 0.0 757.916013709903 1110.484370930291 1090.1260159858691 1214.6427233255645 1085.1720870935785 742.122225841501 1245.5670793982026 757.916013709903 840.3413858215162 1085.1720870935785
978.055570808496 742.122225841501 757.916013709903 1212.504450669966 1110.484370930291 1105.3147885788237 1411.2658243531323 690.4964293120056 757.916013709903 690.4964293120056 1045.3923971974698 1214.6427233255645 512.5806905565053 840.3413858215162 935.5963091393354 512.5806905565053 1085.1720870935785 1411.2658243531323 1025.403840405839 757.916013709903 0.0 1045.3923971974698 1089.012179387094 1089.012179387094 1105.3147885788237 690.4964293120056 512.5806905565053 1025.403840405839 808.1185237211687 935.5963091393354
840.3413858215162 757.916013709903 1105.3147885788237 742.122225841501 512.5806905565053 1090.1260159858691 1025.403840405839 978.055570808496 757.916013709903 1212.504450669966 1085.1720870935785 978.055570808496 1085.1720870935785 935.5963091393354 1411.2658243531323 690.4964293120056 1110.484370930291 1090.1260159858691 1214.6427233255645 1110.484370930291 1045.3923971974698 0.0 1245.5670793982026 980.5554736276906 1110.484370930291 1025.403840405839 512.5806905565053 1105.3147885788237 840.3413858215162 1212.504450669966
1090.1260159858691 1411.2658243531323 742.122225841501 1025.403840405839 935.5963091393354 808.1185237211687 1089.012179387094 978.055570808496 1212.504450669966 1105.3147885788237 1085.1720870935785 935.5963091393354 1214.6427233255645 935.5963091393354 1411.2658243531323 1110.484370930291 980.5554736276906 1090.1260159858691 1085.1720870935785 1090.1260159858691 1089.012179387094 1245.5670793982026 0.0 1105.3147885788237 840.3413858215162 980.5554736276906 935.5963091393354 512.5806905565053 808.1185237211687 742.122225841501
512.5806905565053 1089.012179387094 1214.6427233255645 978.055570808496 690.4964293120056 1045.3923971974698 512.5806905565053 1105.3147885788237 1110.484370930291 840.3413858215162 512.5806905565053 1245.5670793982026 1105.3147885788237 1411.2658243531323 935.5963091393354 808.1185237211687 935.5963091393354 1245.5670793982026 1110.484370930291 1214.6427233255645 1089.012179387094 980.5554736276906 1105.3147885788237 0.0 1245.5670793982026 1105.3147885788237 840.3413858215162 1411.2658243531323 1411.2658243531323 1411.2658243531323
1090.1260159858691 1025.403840405839 1214.6427233255645 1045.3923971974698 980.5554736276906 978.055570808496 935.5963091393354 1090.1260159858691 1085.1720870935785 512.5806905565053 1110.484370930291 1212.504450669966 980.5554736276906 512.5806905565053 978.055570808496 1212.504450669966 512.5806905565053 808.1185237211687 512.5806905565053 1085.1720870935785 1105.3147885788237 1110.484370930291 840.3413858215162 1245.5670793982026 0.0 1214.6427233255645 1214.6427233255645 978.055570808496 840.3413858215162 1090.1260159858691
1411.2658243531323 935.5963091393354 1090.1260159858691 935.5963091393354 1245.5670793982026 1245.5670793982026 1411.2658243531323 1245.5670793982026 757.916013709903 980.5554736276906 1090.1260159858691 1090.1260159858691 1110.484370930291 1411.2658243531323 1025.403840405839 978.055570808496 1105.3147885788237 1214.6427233255645 690.4964293120056 742.122225841501 690.4964293120056 1025.403840405839 980.5554736276906 1105.3147885788237 1214.6427233255645 0.0 1089.012179387094 512.5806905565053 1085.1720870935785 1090.1260159858691
1110.484370930291 1090.1260159858691 1212.504450669966 1245.5670793982026 512.5806905565053 1089.012179387094 1045.3923971974698 742.122225841501 1212.504450669966 1214.6427233255645 808.1185237211687 980.5554736276906 1045.3923971974698 1089.012179387094 512.5806905565053 1245.5670793982026 1089.012179387094 1245.5670793982026 840.3413858215162 1245.5670793982026 512.5806905565053 512.5806905565053 935.5963091393354 840.3413858215162 1214.6427233255645 1089.012179387094 0.0 757.916013709903 512.5806905565053 840.3413858215162
808.1185237211687 742.122225841501 1090.1260159858691 690.4964293120056 1045.3923971974698 1212.504450669966 690.4964293120056 1085.1720870935785 1105.3147885788237 808.1185237211687 1411.2658243531323 1411.2658243531323 1105.3147885788237 1090.1260159858691 512.5806905565053 1090.1260159858691 690.4964293120056 1214.6427233255645 1025.403840405839 757.916013709903 1025.403840405839 1105.3147885788237 512.5806905565053 1411.2658243531323 978.055570808496 512.5806905565053 757.916013709903 0.0 1245.5670793982026 1105.3147885788237
1090.1260159858691 1245.5670793982026 1105.3147885788237 1212.504450669966 742.122225841501 742.122225841501 757.916013709903 1090.1260159858691 742.122225841501 840.3413858215162 935.5963091393354 1110.484370930291 512.5806905565053 742.122225841501 935.5963091393354 1085.1720870935785 757.916013709903 742.122225841501 978.055570808496 840.3413858215162 808.1185237211687 840.3413858215162 808.1185237211687 1411.2658243531323 840.3413858215162 1085.1720870935785 512.5806905565053 1245.5670793982026 0.0 808.1185237211687
1089.012179387094 978.055570808496 757.916013709903 1212.504450669966 980.5554736276906 1212.504450669966 1411.2658243531323 512.5806905565053 1110.484370930291 1089.012179387094 1411.2658243531323 690.4964293120056 978.055570808496 1025.403840405839 757.916013709903 1214.6427233255645 1214.6427233255645 980.5554736276906 1105.3147885788237 1085.1720870935785 935.5963091393354 1212.504450669966 742.122225841501 1411.2658243531323 1090.1260159858691 1090.1260159858691 840.3413858215162 1105.3147885788237 808.1185237211687 0.0
