20
0.0 594.1208578058445 950.445711503743 373.1025075735247 1359.1778223366289 932.1858710430888 1503.163714625546 1144.577465481073 866.7907106560136 1151.143249703903 373.1025075735247 1144.577465481073 1174.58235626557 932.1858710430888 373.1025075735247 950.445711503743 1097.241806627933 932.1858710430888 950.445711503743 373.1025075735247
594.1208578058445 0.0 1501.4547766884343 373.1025075735247 1097.241806627933 1174.58235626557 1174.58235626557 1174.58235626557 1503.163714625546 1144.577465481073 1097.241806627933 1035.141860703992 1097.241806627933 950.445711503743 373.1025075735247 790.303901800183 1097.241806627933 790.303901800183 1503.163714625546 1359.1778223366289
950.445711503743 1501.4547766884343 0.0 373.1025075735247 1501.4547766884343 373.1025075735247 1035.141860703992 1359.1778223366289 1035.141860703992 1035.141860703992 790.303901800183 373.1025075735247 790.303901800183 373.1025075735247 1174.58235626557 866.7907106560136 1097.241806627933 1035.141860703992 890.6504825755703 373.1025075735247
373.1025075735247 373.1025075735247 373.1025075735247 0.0 1174.58235626557 932.1858710430888 950.445711503743 1174.58235626557 1035.141860703992 932.1858710430888 1503.163714625546 1174.58235626557 1035.141860703992 1097.241806627933 1035.141860703992 866.7907106560136 866.7907106560136 1144.577465481073 866.7907106560136 866.7907106560136
1359.1778223366289 1097.241806627933 1501.4547766884343 1174.58235626557 0.0 594.1208578058445 594.1208578058445 1151.143249703903 950.445711503743 790.303901800183 790.303901800183 1035.141860703992 890.6504825755703 1501.4547766884343 932.1858710430888 1035.141860703992 1151.143249703903 373.1025075735247 866.7907106560136 373.1025075735247
932.1858710430888 1174.58235626557 373.1025075735247 932.1858710430888 594.1208578058445 0.0 866.7907106560136 932.1858710430888 594.1208578058445 932.1858710430888 950.445711503743 373.1025075735247 1359.1778223366289 1174.58235626557 1174.58235626557 594.1208578058445 1035.141860703992 932.1858710430888 1503.163714625546 950.445711503743
1503.163714625546 1174.58235626557 1035.141860703992 950.445711503743 594.1208578058445 866.7907106560136 0.0 1151.143249703903 866.7907106560136 790.303901800183 1501.4547766884343 1174.58235626557 866.7907106560136 1035.141860703992 1035.141860703992 1097.241806627933 1151.143249703903 932.1858710430888 594.1208578058445 790.303901800183
1144.577465481073 1174.58235626557 1359.1778223366289 1174.58235626557 1151.143249703903 932.1858710430888 1151.143249703903 0.0 932.1858710430888 890.6504825755703 866.7907106560136 594.1208578058445 1097.241806627933 1097.241806627933 594.1208578058445 1151.143249703903 866.7907106560136 1144.577465481073 932.1858710430888 790.303901800183
866.7907106560136 1503.163714625546 1035.141860703992 1035.141860703992 950.445711503743 594.1208578058445 866.7907106560136 932.1858710430888 0.0 790.303901800183 1503.163714625546 1151.143249703903 950.445711503743 1035.141860703992 790.303901800183 373.1025075735247 373.1025075735247 1174.58235626557 373.1025075735247 1503.163714625546
1151.143249703903 1144.577465481073 1035.141860703992 932.1858710430888 790.303901800183 932.1858710430888 790.303901800183 890.6504825755703 790.303901800183 0.0 1035.141860703992 1503.163714625546 1144.577465481073 373.1025075735247 890.6504825755703 790.303901800183 1151.143249703903 1174.58235626557 932.1858710430888 1151.143249703903
373.1025075735247 1097.241806627933 790.303901800183 1503.163714625546 790.303901800183 950.445711503743 1501.4547766884343 866.7907106560136 1503.163714625546 1035.141860703992 0.0 1144.577465481073 932.1858710430888 1151.143249703903 932.1858710430888 1035.141860703992 1097.241806627933 594.1208578058445 1097.241806627933 1097.241806627933
1144.577465481073 1035.141860703992 373.1025075735247 1174.58235626557 1035.141860703992 373.1025075735247 1174.58235626557 594.1208578058445 1151.143249703903 1503.163714625546 1144.577465481073 0.0 1144.577465481073 1503.163714625546 1174.58235626557 1359.1778223366289 932.1858710430888 1097.241806627933 1174.58235626557 1501.4547766884343
1174.58235626557 1097.241806627933 790.303901800183 1035.141860703992 890.6504825755703 1359.1778223366289 866.7907106560136 1097.241806627933 950.445711503743 1144.577465481073 932.1858710430888 1144.577465481073 0.0 890.6504825755703 932.1858710430888 932.1858710430888 594.1208578058445 1151.143249703903 1503.163714625546 890.6504825755703
932.1858710430888 950.445711503743 373.1025075735247 1097.241806627933 1501.4547766884343 1174.58235626557 1035.141860703992 1097.241806627933 1035.141860703992 373.1025075735247 1151.143249703903 1503.163714625546 890.6504825755703 0.0 890.6504825755703 1359.1778223366289 890.6504825755703 594.1208578058445 790.303901800183 1174.58235626557
373.1025075735247 373.1025075735247 1174.58235626557 1035.141860703992 932.1858710430888 1174.58235626557 1035.141860703992 594.1208578058445 790.303901800183 890.6504825755703 932.1858710430888 1174.58235626557 932.1858710430888 890.6504825755703 0.0 950.445711503743 1151.143249703903 373.1025075735247 950.445711503743 790.303901800183
950.445711503743 790.303901800183 866.7907106560136 866.7907106560136 1035.141860703992 594.1208578058445 1097.241806627933 1151.143249703903 373.1025075735247 790.303901800183 1035.141860703992 1359.1778223366289 932.1858710430888 1359.1778223366289 950.445711503743 0.0 594.1208578058445 1151.143249703903 1501.4547766884343 1144.577465481073
1097.241806627933 1097.241806627933 1097.241806627933 866.7907106560136 1151.143249703903 1035.141860703992 1151.143249703903 866.7907106560136 373.1025075735247 1151.143249703903 1097.241806627933 932.1858710430888 594.1208578058445 890.6504825755703 1151.143249703903 594.1208578058445 0.0 1144.577465481073 866.7907106560136 594.1208578058445
932.1858710430888 790.303901800183 1035.141860703992 1144.577465481073 373.1025075735247 932.1858710430888 932.1858710430888 1144.577465481073 1174.58235626557 1174.58235626557 594.1208578058445 1097.241806627933 1151.143249703903 594.1208578058445 373.1025075735247 1151.143249703903 1144.577465481073 0.0 1097.241806627933 1359.1778223366289
950.445711503743 1503.163714625546 890.6504825755703 866.7907106560136 866.7907106560136 1503.163714625546 594.1208578058445 932.1858710430888 373.1025075735247 932.1858710430888 1097.241806627933 1174.58235626557 1503.163714625546 790.303901800183 950.445711503743 1501.4547766884343 866.7907106560136 1097.241806627933 0.0 866.7907106560136
373.1025075735247 1359.1778223366289 373.1025075735247 866.7907106560136 373.1025075735247 950.445711503743 790.303901800183 790.303901800183 1503.163714625546 1151.143249703903 1097.241806627933 1501.4547766884343 890.6504825755703 1174.58235626557 790.303901800183 1144.577465481073 594.1208578058445 1359.1778223366289 866.7907106560136 0.0
