30
0.0 828.5173886306061 888.0270550462365 896.4256557851234 698.8458683929686 896.4256557851234 698.8458683929686 828.5173886306061 981.4347560548701 828.5173886306061 981.4347560548701 698.8458683929686 698.8458683929686 896.4256557851234 828.5173886306061 698.8458683929686 896.4256557851234 896.4256557851234 981.4347560548701 888.0270550462365 888.0270550462365 981.4347560548701 698.8458683929686 888.0270550462365 828.5173886306061 981.4347560548701 828.5173886306061 981.4347560548701 698.8458683929686 896.4256557851234
828.5173886306061 0.0 698.8458683929686 828.5173886306061 896.4256557851234 828.5173886306061 981.4347560548701 981.4347560548701 896.4256557851234 896.4256557851234 698.8458683929686 981.4347560548701 698.8458683929686 888.0270550462365 828.5173886306061 981.4347560548701 698.8458683929686 981.4347560548701 828.5173886306061 888.0270550462365 896.4256557851234 896.4256557851234 698.8458683929686 981.4347560548701 888.0270550462365 981.4347560548701 981.4347560548701 888.0270550462365 981.4347560548701 828.5173886306061
888.0270550462365 698.8458683929686 0.0 698.8458683929686 828.5173886306061 896.4256557851234 888.0270550462365 698.8458683929686 981.4347560548701 981.4347560548701 888.0270550462365 896.4256557851234 828.5173886306061 981.4347560548701 896.4256557851234 698.8458683929686 896.4256557851234 896.4256557851234 888.0270550462365 888.0270550462365 828.5173886306061 828.5173886306061 896.4256557851234 896.4256557851234 888.0270550462365 888.0270550462365 896.4256557851234 896.4256557851234 981.4347560548701 896.4256557851234
896.4256557851234 828.5173886306061 698.8458683929686 0.0 828.5173886306061 698.8458683929686 888.0270550462365 896.4256557851234 698.8458683929686 698.8458683929686 888.0270550462365 698.8458683929686 896.4256557851234 828.5173886306061 698.8458683929686 981.4347560548701 896.4256557851234 888.0270550462365 828.5173886306061 698.8458683929686 698.8458683929686 828.5173886306061 698.8458683929686 888.0270550462365 981.4347560548701 698.8458683929686 828.5173886306061 698.8458683929686 828.5173886306061 981.4347560548701
698.8458683929686 896.4256557851234 828.5173886306061 828.5173886306061 0.0 828.5173886306061 896.4256557851234 698.8458683929686 888.0270550462365 888.0270550462365 896.4256557851234 888.0270550462365 698.8458683929686 698.8458683929686 698.8458683929686 888.0270550462365 828.5173886306061 888.0270550462365 896.4256557851234 981.4347560548701 896.4256557851234 828.5173886306061 981.4347560548701 896.4256557851234 981.4347560548701 828.5173886306061 828.5173886306061 896.4256557851234 828.5173886306061 981.4347560548701
896.4256557851234 828.5173886306061 896.4256557851234 698.8458683929686 828.5173886306061 0.0 888.0270550462365 981.4347560548701 828.5173886306061 896.4256557851234 981.4347560548701 828.5173886306061 698.8458683929686 888.0270550462365 828.5173886306061 896.4256557851234 981.4347560548701 981.4347560548701 828.5173886306061 896.4256557851234 888.0270550462365 888.0270550462365 828.5173886306061 828.5173886306061 828.5173886306061 698.8458683929686 888.0270550462365 698.8458683929686 981.4347560548701 888.0270550462365
698.8458683929686 981.4347560548701 888.0270550462365 888.0270550462365 896.4256557851234 888.0270550462365 0.0 888.0270550462365 698.8458683929686 888.0270550462365 828.5173886306061 896.4256557851234 896.4256557851234 896.4256557851234 828.5173886306061 896.4256557851234 896.4256557851234 896.4256557851234 828.5173886306061 698.8458683929686 828.5173886306061 981.4347560548701 828.5173886306061 896.4256557851234 888.0270550462365 698.8458683929686 888.0270550462365 981.4347560548701 698.8458683929686 896.4256557851234
828.5173886306061 981.4347560548701 698.8458683929686 896.4256557851234 698.8458683929686 981.4347560548701 888.0270550462365 0.0 896.4256557851234 888.0270550462365 981.4347560548701 698.8458683929686 896.4256557851234 896.4256557851234 896.4256557851234 828.5173886306061 888.0270550462365 698.8458683929686 896.4256557851234 896.4256557851234 896.4256557851234 896.4256557851234 698.8458683929686 888.0270550462365 888.0270550462365 698.8458683929686 888.0270550462365 896.4256557851234 698.8458683929686 698.8458683929686
981.4347560548701 896.4256557851234 981.4347560548701 698.8458683929686 888.0270550462365 828.5173886306061 698.8458683929686 896.4256557851234 0.0 698.8458683929686 698.8458683929686 896.4256557851234 698.8458683929686 698.8458683929686 981.4347560548701 896.4256557851234 698.8458683929686 828.5173886306061 896.4256557851234 981.4347560548701 981.4347560548701 888.0270550462365 981.4347560548701 698.8458683929686 896.4256557851234 896.4256557851234 896.4256557851234 828.5173886306061 896.4256557851234 896.4256557851234
828.5173886306061 896.4256557851234 981.4347560548701 698.8458683929686 888.0270550462365 896.4256557851234 888.0270550462365 888.0270550462365 698.8458683929686 0.0 698.8458683929686 888.0270550462365 828.5173886306061 888.0270550462365 698.8458683929686 896.4256557851234 698.8458683929686 981.4347560548701 896.4256557851234 888.0270550462365 981.4347560548701 981.4347560548701 828.5173886306061 698.8458683929686 828.5173886306061 698.8458683929686 828.5173886306061 896.4256557851234 888.0270550462365 896.4256557851234
981.4347560548701 698.8458683929686 888.0270550462365 888.0270550462365 896.4256557851234 981.4347560548701 828.5173886306061 981.4347560548701 698.8458683929686 698.8458683929686 0.0 981.4347560548701 896.4256557851234 896.4256557851234 828.5173886306061 888.0270550462365 698.8458683929686 698.8458683929686 981.4347560548701 896.4256557851234 698.8458683929686 888.0270550462365 896.4256557851234 888.0270550462365 888.0270550462365 828.5173886306061 896.4256557851234 981.4347560548701 981.4347560548701 896.4256557851234
698.8458683929686 981.4347560548701 896.4256557851234 698.8458683929686 888.0270550462365 828.5173886306061 896.4256557851234 698.8458683929686 896.4256557851234 888.0270550462365 981.4347560548701 0.0 888.0270550462365 828.5173886306061 698.8458683929686 888.0270550462365 828.5173886306061 981.4347560548701 698.8458683929686 888.0270550462365 981.4347560548701 828.5173886306061 828.5173886306061 981.4347560548701 896.4256557851234 888.0270550462365 888.0270550462365 698.8458683929686 698.8458683929686 698.8458683929686
698.8458683929686 698.8458683929686 828.5173886306061 896.4256557851234 698.8458683929686 698.8458683929686 896.4256557851234 896.4256557851234 698.8458683929686 828.5173886306061 896.4256557851234 888.0270550462365 0.0 981.4347560548701 828.5173886306061 828.5173886306061 698.8458683929686 698.8458683929686 828.5173886306061 981.4347560548701 828.5173886306061 896.4256557851234 981.4347560548701 828.5173886306061 828.5173886306061 981.4347560548701 698.8458683929686 896.4256557851234 896.4256557851234 888.0270550462365
896.4256557851234 888.0270550462365 981.4347560548701 828.5173886306061 698.8458683929686 888.0270550462365 896.4256557851234 896.4256557851234 698.8458683929686 888.0270550462365 896.4256557851234 828.5173886306061 981.4347560548701 0.0 698.8458683929686 888.0270550462365 828.5173886306061 828.5173886306061 896.4256557851234 698.8458683929686 828.5173886306061 981.4347560548701 981.4347560548701 698.8458683929686 896.4256557851234 888.0270550462365 896.4256557851234 888.0270550462365 828.5173886306061 888.0270550462365
828.5173886306061 828.5173886306061 896.4256557851234 698.8458683929686 698.8458683929686 828.5173886306061 828.5173886306061 896.4256557851234 981.4347560548701 698.8458683929686 828.5173886306061 698.8458683929686 828.5173886306061 698.8458683929686 0.0 981.4347560548701 981.4347560548701 828.5173886306061 828.5173886306061 981.4347560548701 981.4347560548701 981.4347560548701 888.0270550462365 888.0270550462365 828.5173886306061 896.4256557851234 981.4347560548701 981.4347560548701 896.4256557851234 888.0270550462365
698.8458683929686 981.4347560548701 698.8458683929686 981.4347560548701 888.0270550462365 896.4256557851234 896.4256557851234 828.5173886306061 896.4256557851234 896.4256557851234 888.0270550462365 888.0270550462365 828.5173886306061 888.0270550462365 981.4347560548701 0.0 896.4256557851234 828.5173886306061 828.5173886306061 828.5173886306061 828.5173886306061 981.4347560548701 888.0270550462365 888.0270550462365 698.8458683929686 828.5173886306061 888.0270550462365 698.8458683929686 981.4347560548701 896.4256557851234
896.4256557851234 698.8458683929686 896.4256557851234 896.4256557851234 828.5173886306061 981.4347560548701 896.4256557851234 888.0270550462365 698.8458683929686 698.8458683929686 698.8458683929686 828.5173886306061 698.8458683929686 828.5173886306061 981.4347560548701 896.4256557851234 0.0 896.4256557851234 888.0270550462365 896.4256557851234 896.4256557851234 698.8458683929686 896.4256557851234 896.4256557851234 981.4347560548701 828.5173886306061 896.4256557851234 896.4256557851234 888.0270550462365 828.5173886306061
896.4256557851234 981.4347560548701 896.4256557851234 888.0270550462365 888.0270550462365 981.4347560548701 896.4256557851234 698.8458683929686 828.5173886306061 981.4347560548701 698.8458683929686 981.4347560548701 698.8458683929686 828.5173886306061 828.5173886306061 828.5173886306061 896.4256557851234 0.0 888.0270550462365 896.4256557851234 896.4256557851234 698.8458683929686 981.4347560548701 896.4256557851234 828.5173886306061 896.4256557851234 828.5173886306061 828.5173886306061 698.8458683929686 698.8458683929686
981.4347560548701 828.5173886306061 888.0270550462365 828.5173886306061 896.4256557851234 828.5173886306061 828.5173886306061 896.4256557851234 896.4256557851234 896.4256557851234 981.4347560548701 698.8458683929686 828.5173886306061 896.4256557851234 828.5173886306061 828.5173886306061 888.0270550462365 888.0270550462365 0.0 981.4347560548701 698.8458683929686 828.5173886306061 888.0270550462365 888.0270550462365 888.0270550462365 698.8458683929686 981.4347560548701 896.4256557851234 828.5173886306061 828.5173886306061
888.0270550462365 888.0270550462365 888.0270550462365 698.8458683929686 981.4347560548701 896.4256557851234 698.8458683929686 896.4256557851234 981.4347560548701 888.0270550462365 896.4256557851234 888.0270550462365 981.4347560548701 698.8458683929686 981.4347560548701 828.5173886306061 896.4256557851234 896.4256557851234 981.4347560548701 0.0 888.0270550462365 698.8458683929686 981.4347560548701 896.4256557851234 888.0270550462365 981.4347560548701 896.4256557851234 888.0270550462365 828.5173886306061 828.5173886306061
888.0270550462365 896.4256557851234 828.5173886306061 698.8458683929686 896.4256557851234 888.0270550462365 828.5173886306061 896.4256557851234 981.4347560548701 981.4347560548701 698.8458683929686 981.4347560548701 828.5173886306061 828.5173886306061 981.4347560548701 828.5173886306061 896.4256557851234 896.4256557851234 698.8458683929686 888.0270550462365 0.0 698.8458683929686 698.8458683929686 896.4256557851234 896.4256557851234 888.0270550462365 888.0270550462365 896.4256557851234 981.4347560548701 981.4347560548701
981.4347560548701 896.4256557851234 828.5173886306061 828.5173886306061 828.5173886306061 888.0270550462365 981.4347560548701 896.4256557851234 888.0270550462365 981.4347560548701 888.0270550462365 828.5173886306061 896.4256557851234 981.4347560548701 981.4347560548701 981.4347560548701 698.8458683929686 698.8458683929686 828.5173886306061 698.8458683929686 698.8458683929686 0.0 981.4347560548701 981.4347560548701 698.8458683929686 888.0270550462365 828.5173886306061 981.4347560548701 698.8458683929686 981.4347560548701
698.8458683929686 698.8458683929686 896.4256557851234 698.8458683929686 981.4347560548701 828.5173886306061 828.5173886306061 698.8458683929686 981.4347560548701 828.5173886306061 896.4256557851234 828.5173886306061 981.4347560548701 981.4347560548701 888.0270550462365 888.0270550462365 896.4256557851234 981.4347560548701 888.0270550462365 981.4347560548701 698.8458683929686 981.4347560548701 0.0 698.8458683929686 698.8458683929686 828.5173886306061 981.4347560548701 896.4256557851234 828.5173886306061 888.0270550462365
888.0270550462365 981.4347560548701 896.4256557851234 888.0270550462365 896.4256557851234 828.5173886306061 896.4256557851234 888.0270550462365 698.8458683929686 698.8458683929686 888.0270550462365 981.4347560548701 828.5173886306061 698.8458683929686 888.0270550462365 888.0270550462365 896.4256557851234 896.4256557851234 888.0270550462365 896.4256557851234 896.4256557851234 981.4347560548701 698.8458683929686 0.0 828.5173886306061 828.5173886306061 981.4347560548701 981.4347560548701 698.8458683929686 888.0270550462365
828.5173886306061 888.0270550462365 888.0270550462365 981.4347560548701 981.4347560548701 828.5173886306061 888.0270550462365 888.0270550462365 896.4256557851234 828.5173886306061 888.0270550462365 896.4256557851234 828.5173886306061 896.4256557851234 828.5173886306061 698.8458683929686 981.4347560548701 828.5173886306061 888.0270550462365 888.0270550462365 896.4256557851234 698.8458683929686 698.8458683929686 828.5173886306061 0.0 896.4256557851234 981.4347560548701 828.5173886306061 828.5173886306061 698.8458683929686
981.4347560548701 981.4347560548701 888.0270550462365 698.8458683929686 828.5173886306061 698.8458683929686 698.8458683929686 698.8458683929686 896.4256557851234 698.8458683929686 828.5173886306061 888.0270550462365 981.4347560548701 888.0270550462365 896.4256557851234 828.5173886306061 828.5173886306061 896.4256557851234 698.8458683929686 981.4347560548701 888.0270550462365 888.0270550462365 828.5173886306061 828.5173886306061 896.4256557851234 0.0 888.0270550462365 981.4347560548701 698.8458683929686 698.8458683929686
828.5173886306061 981.4347560548701 896.4256557851234 828.5173886306061 828.5173886306061 888.0270550462365 888.0270550462365 888.0270550462365 896.4256557851234 828.5173886306061 896.4256557851234 888.0270550462365 698.8458683929686 896.4256557851234 981.4347560548701 888.0270550462365 896.4256557851234 828.5173886306061 981.4347560548701 896.4256557851234 888.0270550462365 828.5173886306061 981.4347560548701 981.4347560548701 981.4347560548701 888.0270550462365 0.0 888.0270550462365 828.5173886306061 888.0270550462365
981.4347560548701 888.0270550462365 896.4256557851234 698.8458683929686 896.4256557851234 698.8458683929686 981.4347560548701 896.4256557851234 828.5173886306061 896.4256557851234 981.4347560548701 698.8458683929686 896.4256557851234 888.0270550462365 981.4347560548701 698.8458683929686 896.4256557851234 828.5173886306061 896.4256557851234 888.0270550462365 896.4256557851234 981.4347560548701 896.4256557851234 981.4347560548701 828.5173886306061 981.4347560548701 888.0270550462365 0.0 888.0270550462365 698.8458683929686
698.8458683929686 981.4347560548701 981.4347560548701 828.5173886306061 828.5173886306061 981.4347560548701 698.8458683929686 698.8458683929686 896.4256557851234 888.0270550462365 981.4347560548701 698.8458683929686 896.4256557851234 828.5173886306061 896.4256557851234 981.4347560548701 888.0270550462365 698.8458683929686 828.5173886306061 828.5173886306061 981.4347560548701 698.8458683929686 828.5173886306061 698.8458683929686 828.5173886306061 698.8458683929686 828.5173886306061 888.0270550462365 0.0 698.8458683929686
896.4256557851234 828.5173886306061 896.4256557851234 981.4347560548701 981.4347560548701 888.0270550462365 896.4256557851234 698.8458683929686 896.4256557851234 896.4256557851234 896.4256557851234 698.8458683929686 888.0270550462365 888.0270550462365 888.0270550462365 896.4256557851234 828.5173886306061 698.8458683929686 828.5173886306061 828.5173886306061 981.4347560548701 981.4347560548701 888.0270550462365 888.0270550462365 698.8458683929686 698.8458683929686 888.0270550462365 698.8458683929686 698.8458683929686 0.0
