30
0.0 1015.05928274172 990.2457262337298 984.458526201017 1003.0947028606062 991.7955545326873 991.7955545326873 999.096090056947 993.5625213744938 983.1173342735052 1018.626181265475 997.0756392955991 1018.626181265475 999.8090884343395 999.1331507031259 1015.05928274172 1012.1121459432236 1002.1025699583952 996.961743764202 1003.0947028606062 999.096090056947 999.7389762979745 1008.9613236415723 988.276498419336 1003.0947028606062 1018.626181265475 988.276498419336 1015.05928274172 1003.0947028606062 997.2617368440477
1015.05928274172 0.0 997.0756392955991 997.2617368440477 983.1173342735052 984.458526201017 988.276498419336 999.1331507031259 999.8090884343395 1012.1121459432236 990.2457262337298 991.7955545326873 999.7389762979745 988.276498419336 999.8090884343395 1002.1025699583952 1003.0947028606062 1002.1025699583952 990.2457262337298 1015.05928274172 996.961743764202 991.7955545326873 988.276498419336 999.1331507031259 1002.1025699583952 990.2457262337298 993.5625213744938 999.8090884343395 1018.626181265475 997.0756392955991
990.2457262337298 997.0756392955991 0.0 997.0756392955991 999.1331507031259 993.5625213744938 993.5625213744938 999.1331507031259 984.458526201017 999.7389762979745 1005.7573158105508 1008.9613236415723 1015.05928274172 996.961743764202 999.1331507031259 1015.05928274172 1012.1121459432236 999.1331507031259 1005.7573158105508 993.5625213744938 991.7955545326873 997.2617368440477 1015.05928274172 1012.1121459432236 999.7389762979745 999.1331507031259 984.458526201017 997.0756392955991 983.1173342735052 999.7389762979745
984.458526201017 997.2617368440477 997.0756392955991 0.0 999.7389762979745 999.096090056947 997.0756392955991 988.276498419336 999.7389762979745 990.2457262337298 984.458526201017 999.1331507031259 1015.05928274172 997.0756392955991 993.5625213744938 1012.1121459432236 997.0756392955991 983.1173342735052 1003.0947028606062 1018.626181265475 1015.05928274172 990.2457262337298 1015.05928274172 1008.9613236415723 999.1331507031259 999.8090884343395 997.0756392955991 1005.7573158105508 1003.0947028606062 993.5625213744938
1003.0947028606062 983.1173342735052 999.1331507031259 999.7389762979745 0.0 1012.1121459432236 1012.1121459432236 997.0756392955991 1003.0947028606062 988.276498419336 990.2457262337298 990.2457262337298 999.7389762979745 1012.1121459432236 996.961743764202 1015.05928274172 1002.1025699583952 999.8090884343395 1008.9613236415723 997.0756392955991 991.7955545326873 1005.7573158105508 984.458526201017 1003.0947028606062 993.5625213744938 1002.1025699583952 999.1331507031259 1002.1025699583952 983.1173342735052 999.1331507031259
991.7955545326873 984.458526201017 993.5625213744938 999.096090056947 1012.1121459432236 0.0 1012.1121459432236 999.7389762979745 1008.9613236415723 999.7389762979745 1012.1121459432236 1012.1121459432236 988.276498419336 999.8090884343395 1002.1025699583952 999.096090056947 999.096090056947 996.961743764202 990.2457262337298 996.961743764202 1005.7573158105508 990.2457262337298 1015.05928274172 1018.626181265475 999.1331507031259 1002.1025699583952 991.7955545326873 999.7389762979745 993.5625213744938 988.276498419336
991.7955545326873 988.276498419336 993.5625213744938 997.0756392955991 1012.1121459432236 1012.1121459432236 0.0 1005.7573158105508 1012.1121459432236 993.5625213744938 999.8090884343395 999.096090056947 991.7955545326873 997.0756392955991 997.2617368440477 999.096090056947 1008.9613236415723 996.961743764202 1002.1025699583952 991.7955545326873 991.7955545326873 1008.9613236415723 983.1173342735052 1015.05928274172 1003.0947028606062 983.1173342735052 997.0756392955991 1005.7573158105508 991.7955545326873 1008.9613236415723
999.096090056947 999.1331507031259 999.1331507031259 988.276498419336 997.0756392955991 999.7389762979745 1005.7573158105508 0.0 1003.0947028606062 993.5625213744938 993.5625213744938 990.2457262337298 997.0756392955991 1018.626181265475 1008.9613236415723 999.8090884343395 1005.7573158105508 1003.0947028606062 1003.0947028606062 999.096090056947 996.961743764202 1008.9613236415723 1003.0947028606062 1015.05928274172 993.5625213744938 993.5625213744938 997.2617368440477 984.458526201017 996.961743764202 996.961743764202
993.5625213744938 999.8090884343395 984.458526201017 999.7389762979745 1003.0947028606062 1008.9613236415723 1012.1121459432236 1003.0947028606062 0.0 991.7955545326873 993.5625213744938 999.096090056947 999.096090056947 984.458526201017 988.276498419336 1012.1121459432236 988.276498419336 993.5625213744938 983.1173342735052 991.7955545326873 1018.626181265475 1003.0947028606062 993.5625213744938 1005.7573158105508 999.8090884343395 999.7389762979745 1015.05928274172 1018.626181265475 1002.1025699583952 996.961743764202
983.1173342735052 1012.1121459432236 999.7389762979745 990.2457262337298 988.276498419336 999.7389762979745 993.5625213744938 993.5625213744938 991.7955545326873 0.0 999.7389762979745 990.2457262337298 1018.626181265475 990.2457262337298 993.5625213744938 983.1173342735052 988.276498419336 991.7955545326873 1005.7573158105508 997.2617368440477 999.8090884343395 1015.05928274172 1005.7573158105508 999.8090884343395 1018.626181265475 999.096090056947 996.961743764202 984.458526201017 990.2457262337298 1018.626181265475
1018.626181265475 990.2457262337298 1005.7573158105508 984.458526201017 990.2457262337298 1012.1121459432236 999.8090884343395 993.5625213744938 993.5625213744938 999.7389762979745 0.0 1018.626181265475 999.8090884343395 999.1331507031259 993.5625213744938 991.7955545326873 988.276498419336 997.2617368440477 999.1331507031259 999.8090884343395 983.1173342735052 991.7955545326873 983.1173342735052 1012.1121459432236 1003.0947028606062 1008.9613236415723 1015.05928274172 999.8090884343395 1003.0947028606062 1015.05928274172
997.0756392955991 991.7955545326873 1008.9613236415723 999.1331507031259 990.2457262337298 1012.1121459432236 999.096090056947 990.2457262337298 999.096090056947 990.2457262337298 1018.626181265475 0.0 997.0756392955991 996.961743764202 1012.1121459432236 1015.05928274172 1018.626181265475 991.7955545326873 988.276498419336 988.276498419336 997.2617368440477 997.2617368440477 999.8090884343395 990.2457262337298 999.7389762979745 999.1331507031259 997.0756392955991 1002.1025699583952 1008.9613236415723 1018.626181265475
1018.626181265475 999.7389762979745 1015.05928274172 1015.05928274172 999.7389762979745 988.276498419336 991.7955545326873 997.0756392955991 999.096090056947 1018.626181265475 999.8090884343395 997.0756392955991 0.0 988.276498419336 1005.7573158105508 999.1331507031259 999.8090884343395 999.7389762979745 999.7389762979745 988.276498419336 996.961743764202 983.1173342735052 1018.626181265475 999.8090884343395 1005.7573158105508 991.7955545326873 1008.9613236415723 991.7955545326873 984.458526201017 991.7955545326873
999.8090884343395 988.276498419336 996.961743764202 997.0756392955991 1012.1121459432236 999.8090884343395 997.0756392955991 1018.626181265475 984.458526201017 990.2457262337298 999.1331507031259 996.961743764202 988.276498419336 0.0 991.7955545326873 997.2617368440477 999.096090056947 997.2617368440477 997.2617368440477 996.961743764202 1015.05928274172 1012.1121459432236 1003.0947028606062 984.458526201017 999.8090884343395 1003.0947028606062 1012.1121459432236 984.458526201017 983.1173342735052 1012.1121459432236
999.1331507031259 999.8090884343395 999.1331507031259 993.5625213744938 996.961743764202 1002.1025699583952 997.2617368440477 1008.9613236415723 988.276498419336 993.5625213744938 993.5625213744938 1012.1121459432236 1005.7573158105508 991.7955545326873 0.0 1012.1121459432236 983.1173342735052 1015.05928274172 997.0756392955991 984.458526201017 984.458526201017 988.276498419336 999.8090884343395 1015.05928274172 990.2457262337298 983.1173342735052 999.1331507031259 996.961743764202 983.1173342735052 997.0756392955991
1015.05928274172 1002.1025699583952 1015.05928274172 1012.1121459432236 1015.05928274172 999.096090056947 999.096090056947 999.8090884343395 1012.1121459432236 983.1173342735052 991.7955545326873 1015.05928274172 999.1331507031259 997.2617368440477 1012.1121459432236 0.0 1005.7573158105508 1002.1025699583952 997.0756392955991 1012.1121459432236 1018.626181265475 997.2617368440477 988.276498419336 996.961743764202 997.0756392955991 983.1173342735052 991.7955545326873 1015.05928274172 1015.05928274172 1005.7573158105508
1012.1121459432236 1003.0947028606062 1012.1121459432236 997.0756392955991 1002.1025699583952 999.096090056947 1008.9613236415723 1005.7573158105508 988.276498419336 988.276498419336 988.276498419336 1018.626181265475 999.8090884343395 999.096090056947 983.1173342735052 1005.7573158105508 0.0 999.7389762979745 1003.0947028606062 1005.7573158105508 997.2617368440477 999.8090884343395 983.1173342735052 988.276498419336 999.7389762979745 999.1331507031259 1005.7573158105508 1008.9613236415723 1008.9613236415723 999.096090056947
1002.1025699583952 1002.1025699583952 999.1331507031259 983.1173342735052 999.8090884343395 996.961743764202 996.961743764202 1003.0947028606062 993.5625213744938 991.7955545326873 997.2617368440477 991.7955545326873 999.7389762979745 997.2617368440477 1015.05928274172 1002.1025699583952 999.7389762979745 0.0 1005.7573158105508 1018.626181265475 1018.626181265475 993.5625213744938 1018.626181265475 997.2617368440477 1008.9613236415723 1008.9613236415723 983.1173342735052 1012.1121459432236 1005.7573158105508 999.096090056947
996.961743764202 990.2457262337298 1005.7573158105508 1003.0947028606062 1008.9613236415723 990.2457262337298 1002.1025699583952 1003.0947028606062 983.1173342735052 1005.7573158105508 999.1331507031259 988.276498419336 999.7389762979745 997.2617368440477 997.0756392955991 997.0756392955991 1003.0947028606062 1005.7573158105508 0.0 988.276498419336 999.8090884343395 999.1331507031259 997.2617368440477 996.961743764202 996.961743764202 999.096090056947 1015.05928274172 999.096090056947 988.276498419336 1002.1025699583952
1003.0947028606062 1015.05928274172 993.5625213744938 1018.626181265475 997.0756392955991 996.961743764202 991.7955545326873 999.096090056947 991.7955545326873 997.2617368440477 999.8090884343395 988.276498419336 988.276498419336 996.961743764202 984.458526201017 1012.1121459432236 1005.7573158105508 1018.626181265475 988.276498419336 0.0 1018.626181265475 997.0756392955991 999.7389762979745 1003.0947028606062 1002.1025699583952 990.2457262337298 999.096090056947 990.2457262337298 997.0756392955991 993.5625213744938
999.096090056947 996.961743764202 991.7955545326873 1015.05928274172 991.7955545326873 1005.7573158105508 991.7955545326873 996.961743764202 1018.626181265475 999.8090884343395 983.1173342735052 997.2617368440477 996.961743764202 1015.05928274172 984.458526201017 1018.626181265475 997.2617368440477 1018.626181265475 999.8090884343395 1018.626181265475 0.0 999.096090056947 984.458526201017 997.2617368440477 983.1173342735052 991.7955545326873 999.096090056947 999.096090056947 1003.0947028606062 1002.1025699583952
999.7389762979745 991.7955545326873 997.2617368440477 990.2457262337298 1005.7573158105508 990.2457262337298 1008.9613236415723 1008.9613236415723 1003.0947028606062 1015.05928274172 991.7955545326873 997.2617368440477 983.1173342735052 1012.1121459432236 988.276498419336 997.2617368440477 999.8090884343395 993.5625213744938 999.1331507031259 997.0756392955991 999.096090056947 0.0 997.0756392955991 1003.0947028606062 997.0756392955991 997.2617368440477 999.8090884343395 1002.1025699583952 1008.9613236415723 1012.1121459432236
1008.9613236415723 988.276498419336 1015.05928274172 1015.05928274172 984.458526201017 1015.05928274172 983.1173342735052 1003.0947028606062 993.5625213744938 1005.7573158105508 983.1173342735052 999.8090884343395 1018.626181265475 1003.0947028606062 999.8090884343395 988.276498419336 983.1173342735052 1018.626181265475 997.2617368440477 999.7389762979745 984.458526201017 997.0756392955991 0.0 999.7389762979745 997.0756392955991 983.1173342735052 1008.9613236415723 988.276498419336 993.5625213744938 997.2617368440477
988.276498419336 999.1331507031259 1012.1121459432236 1008.9613236415723 1003.0947028606062 1018.626181265475 1015.05928274172 1015.05928274172 1005.7573158105508 999.8090884343395 1012.1121459432236 990.2457262337298 999.8090884343395 984.458526201017 1015.05928274172 996.961743764202 988.276498419336 997.2617368440477 996.961743764202 1003.0947028606062 997.2617368440477 1003.0947028606062 999.7389762979745 0.0 993.5625213744938 1003.0947028606062 999.7389762979745 1008.9613236415723 990.2457262337298 997.0756392955991
1003.0947028606062 1002.1025699583952 999.7389762979745 999.1331507031259 993.5625213744938 999.1331507031259 1003.0947028606062 993.5625213744938 999.8090884343395 1018.626181265475 1003.0947028606062 999.7389762979745 1005.7573158105508 999.8090884343395 990.2457262337298 997.0756392955991 999.7389762979745 1008.9613236415723 996.961743764202 1002.1025699583952 983.1173342735052 997.0756392955991 997.0756392955991 993.5625213744938 0.0 999.7389762979745 983.1173342735052 997.2617368440477 993.5625213744938 999.7389762979745
1018.626181265475 990.2457262337298 999.1331507031259 999.8090884343395 1002.1025699583952 1002.1025699583952 983.1173342735052 993.5625213744938 999.7389762979745 999.096090056947 1008.9613236415723 999.1331507031259 991.7955545326873 1003.0947028606062 983.1173342735052 983.1173342735052 999.1331507031259 1008.9613236415723 999.096090056947 990.2457262337298 991.7955545326873 997.2617368440477 983.1173342735052 1003.0947028606062 999.7389762979745 0.0 990.2457262337298 999.1331507031259 1008.9613236415723 997.0756392955991
988.276498419336 993.5625213744938 984.458526201017 997.0756392955991 999.1331507031259 991.7955545326873 997.0756392955991 997.2617368440477 1015.05928274172 996.961743764202 1015.05928274172 997.0756392955991 1008.9613236415723 1012.1121459432236 999.1331507031259 991.7955545326873 1005.7573158105508 983.1173342735052 1015.05928274172 999.096090056947 999.096090056947 999.8090884343395 1008.9613236415723 999.7389762979745 983.1173342735052 990.2457262337298 0.0 996.961743764202 990.2457262337298 1015.05928274172
1015.05928274172 999.8090884343395 997.0756392955991 1005.7573158105508 1002.1025699583952 999.7389762979745 1005.7573158105508 984.458526201017 1018.626181265475 984.458526201017 999.8090884343395 1002.1025699583952 991.7955545326873 984.458526201017 996.961743764202 1015.05928274172 1008.9613236415723 1012.1121459432236 999.096090056947 990.2457262337298 999.096090056947 1002.1025699583952 988.276498419336 1008.9613236415723 997.2617368440477 999.1331507031259 996.961743764202 0.0 997.2617368440477 1012.1121459432236
1003.0947028606062 1018.626181265475 983.1173342735052 1003.0947028606062 983.1173342735052 993.5625213744938 991.7955545326873 996.961743764202 1002.1025699583952 990.2457262337298 1003.0947028606062 1008.9613236415723 984.458526201017 983.1173342735052 983.1173342735052 1015.05928274172 1008.9613236415723 1005.7573158105508 988.276498419336 997.0756392955991 1003.0947028606062 1008.9613236415723 993.5625213744938 990.2457262337298 993.5625213744938 1008.9613236415723 990.2457262337298 997.2617368440477 0.0 1005.7573158105508
997.2617368440477 997.0756392955991 999.7389762979745 993.5625213744938 999.1331507031259 988.276498419336 1008.9613236415723 996.961743764202 996.961743764202 1018.626181265475 1015.05928274172 1018.626181265475 991.7955545326873 1012.1121459432236 997.0756392955991 1005.7573158105508 999.096090056947 999.096090056947 1002.1025699583952 993.5625213744938 1002.1025699583952 1012.1121459432236 997.2617368440477 997.0756392955991 999.7389762979745 997.0756392955991 1015.05928274172 1012.1121459432236 1005.7573158105508 0.0
