10
0.0 9.955370075451148 10.196406638070671 7.392718857896448 9.956125661023735 9.956125661023735 9.955370075451148 7.392718857896448 10.196406638070671 8.53373619526974
9.955370075451148 0.0 9.956125661023735 9.956125661023735 7.392718857896448 10.196406638070671 9.956125661023735 8.53373619526974 8.53373619526974 8.53373619526974
10.196406638070671 9.956125661023735 0.0 9.956125661023735 9.955370075451148 9.956125661023735 9.955370075451148 9.955370075451148 7.392718857896448 10.196406638070671
7.392718857896448 9.956125661023735 9.956125661023735 0.0 9.955370075451148 7.392718857896448 9.955370075451148 10.196406638070671 9.956125661023735 9.956125661023735
9.956125661023735 7.392718857896448 9.955370075451148 9.955370075451148 0.0 10.196406638070671 10.196406638070671 9.956125661023735 7.392718857896448 10.196406638070671
9.956125661023735 10.196406638070671 9.956125661023735 7.392718857896448 10.196406638070671 0.0 7.392718857896448 9.955370075451148 7.392718857896448 9.955370075451148
9.955370075451148 9.956125661023735 9.955370075451148 9.955370075451148 10.196406638070671 7.392718857896448 0.0 9.956125661023735 9.956125661023735 9.956125661023735
7.392718857896448 8.53373619526974 9.955370075451148 10.196406638070671 9.956125661023735 9.955370075451148 9.956125661023735 0.0 8.53373619526974 10.196406638070671
10.196406638070671 8.53373619526974 7.392718857896448 9.956125661023735 7.392718857896448 7.392718857896448 9.956125661023735 8.53373619526974 0.0 9.956125661023735
8.53373619526974 8.53373619526974 10.196406638070671 9.956125661023735 10.196406638070671 9.955370075451148 9.956125661023735 10.196406638070671 9.956125661023735 0.0
