30
0.0 780.3759011676516 1153.2933492645907 722.4835278416064 742.0328074929417 938.551898632327 1153.2933492645907 1251.0255018518421 922.0355666003943 1251.0255018518421 722.4835278416064 722.4835278416064 722.4835278416064 930.8750383502422 922.0355666003943 921.5743332521961 938.551898632327 922.0355666003943 722.4835278416064 1026.4301065055474 1251.0255018518421 922.0355666003943 1471.398069372302 1153.2933492645907 922.0355666003943 938.551898632327 1026.4301065055474 1471.398069372302 1379.9235375963794 722.4835278416064
780.3759011676516 0.0 742.0328074929417 1379.9235375963794 742.0328074929417 930.8750383502422 1471.398069372302 930.8750383502422 688.0323974800624 930.8750383502422 922.0355666003943 1245.6299924353589 1379.9235375963794 780.3759011676516 1245.6299924353589 1124.5722977293835 1471.398069372302 1471.398069372302 930.8750383502422 1251.0255018518421 742.0328074929417 930.8750383502422 742.0328074929417 1153.2933492645907 742.0328074929417 1471.398069372302 1153.2933492645907 1379.9235375963794 742.0328074929417 1124.5722977293835
1153.2933492645907 742.0328074929417 0.0 1251.0255018518421 1124.5722977293835 688.0323974800624 1124.5722977293835 922.0355666003943 921.5743332521961 1153.2933492645907 1026.4301065055474 1026.4301065055474 1471.398069372302 1026.4301065055474 922.0355666003943 1124.5722977293835 1471.398069372302 1124.5722977293835 1124.5722977293835 780.3759011676516 938.551898632327 1153.2933492645907 930.8750383502422 1124.5722977293835 938.551898632327 921.5743332521961 1153.2933492645907 1379.9235375963794 1379.9235375963794 922.0355666003943
722.4835278416064 1379.9235375963794 1251.0255018518421 0.0 930.8750383502422 921.5743332521961 1251.0255018518421 742.0328074929417 688.0323974800624 742.0328074929417 922.0355666003943 1379.9235375963794 921.5743332521961 722.4835278416064 1379.9235375963794 780.3759011676516 922.0355666003943 780.3759011676516 688.0323974800624 1245.6299924353589 722.4835278416064 1251.0255018518421 722.4835278416064 1026.4301065055474 1379.9235375963794 938.551898632327 722.4835278416064 930.8750383502422 722.4835278416064 1251.0255018518421
742.0328074929417 742.0328074929417 1124.5722977293835 930.8750383502422 0.0 930.8750383502422 742.0328074929417 922.0355666003943 1245.6299924353589 1026.4301065055474 1379.9235375963794 1245.6299924353589 688.0323974800624 742.0328074929417 1471.398069372302 1245.6299924353589 1026.4301065055474 921.5743332521961 922.0355666003943 1153.2933492645907 1124.5722977293835 1245.6299924353589 921.5743332521961 930.8750383502422 1251.0255018518421 921.5743332521961 1026.4301065055474 688.0323974800624 722.4835278416064 688.0323974800624
938.551898632327 930.8750383502422 688.0323974800624 921.5743332521961 930.8750383502422 0.0 1245.6299924353589 938.551898632327 1251.0255018518421 930.8750383502422 1471.398069372302 938.551898632327 1251.0255018518421 688.0323974800624 1124.5722977293835 930.8750383502422 1026.4301065055474 722.4835278416064 1124.5722977293835 1026.4301065055474 922.0355666003943 742.0328074929417 1379.9235375963794 922.0355666003943 1026.4301065055474 722.4835278416064 1251.0255018518421 1379.9235375963794 938.551898632327 921.5743332521961
1153.2933492645907 1471.398069372302 1124.5722977293835 1251.0255018518421 742.0328074929417 1245.6299924353589 0.0 780.3759011676516 1379.9235375963794 1471.398069372302 1153.2933492645907 921.5743332521961 688.0323974800624 1251.0255018518421 1124.5722977293835 1124.5722977293835 1251.0255018518421 1245.6299924353589 722.4835278416064 922.0355666003943 1251.0255018518421 930.8750383502422 742.0328074929417 1245.6299924353589 1124.5722977293835 930.8750383502422 922.0355666003943 780.3759011676516 1251.0255018518421 1379.9235375963794
1251.0255018518421 930.8750383502422 922.0355666003943 742.0328074929417 922.0355666003943 938.551898632327 780.3759011676516 0.0 930.8750383502422 1379.9235375963794 722.4835278416064 1153.2933492645907 1471.398069372302 922.0355666003943 1026.4301065055474 742.0328074929417 1026.4301065055474 1153.2933492645907 1245.6299924353589 921.5743332521961 938.551898632327 922.0355666003943 1153.2933492645907 921.5743332521961 1251.0255018518421 921.5743332521961 1153.2933492645907 742.0328074929417 1026.4301065055474 1251.0255018518421
922.0355666003943 688.0323974800624 921.5743332521961 688.0323974800624 1245.6299924353589 1251.0255018518421 1379.9235375963794 930.8750383502422 0.0 1245.6299924353589 1245.6299924353589 1251.0255018518421 930.8750383502422 1245.6299924353589 930.8750383502422 1251.0255018518421 1245.6299924353589 742.0328074929417 921.5743332521961 930.8750383502422 921.5743332521961 922.0355666003943 1026.4301065055474 938.551898632327 1251.0255018518421 1153.2933492645907 780.3759011676516 1251.0255018518421 1379.9235375963794 722.4835278416064
1251.0255018518421 930.8750383502422 1153.2933492645907 742.0328074929417 1026.4301065055474 930.8750383502422 1471.398069372302 1379.9235375963794 1245.6299924353589 0.0 1153.2933492645907 1379.9235375963794 722.4835278416064 1026.4301065055474 921.5743332521961 1153.2933492645907 930.8750383502422 722.4835278416064 742.0328074929417 922.0355666003943 688.0323974800624 1026.4301065055474 1026.4301065055474 1124.5722977293835 688.0323974800624 1471.398069372302 1471.398069372302 930.8750383502422 1026.4301065055474 930.8750383502422
722.4835278416064 922.0355666003943 1026.4301065055474 922.0355666003943 1379.9235375963794 1471.398069372302 1153.2933492645907 722.4835278416064 1245.6299924353589 1153.2933492645907 0.0 722.4835278416064 1026.4301065055474 1471.398069372302 1251.0255018518421 938.551898632327 780.3759011676516 1251.0255018518421 1471.398069372302 1153.2933492645907 1153.2933492645907 938.551898632327 921.5743332521961 1245.6299924353589 722.4835278416064 722.4835278416064 1251.0255018518421 722.4835278416064 780.3759011676516 1251.0255018518421
722.4835278416064 1245.6299924353589 1026.4301065055474 1379.9235375963794 1245.6299924353589 938.551898632327 921.5743332521961 1153.2933492645907 1251.0255018518421 1379.9235375963794 722.4835278416064 0.0 1251.0255018518421 1471.398069372302 1026.4301065055474 1124.5722977293835 930.8750383502422 1471.398069372302 922.0355666003943 688.0323974800624 1153.2933492645907 1153.2933492645907 930.8750383502422 922.0355666003943 1124.5722977293835 1251.0255018518421 1245.6299924353589 722.4835278416064 1251.0255018518421 1471.398069372302
722.4835278416064 1379.9235375963794 1471.398069372302 921.5743332521961 688.0323974800624 1251.0255018518421 688.0323974800624 1471.398069372302 930.8750383502422 722.4835278416064 1026.4301065055474 1251.0255018518421 0.0 688.0323974800624 1251.0255018518421 1026.4301065055474 921.5743332521961 1379.9235375963794 930.8750383502422 780.3759011676516 780.3759011676516 742.0328074929417 1153.2933492645907 1153.2933492645907 938.551898632327 1124.5722977293835 722.4835278416064 780.3759011676516 722.4835278416064 1245.6299924353589
930.8750383502422 780.3759011676516 1026.4301065055474 722.4835278416064 742.0328074929417 688.0323974800624 1251.0255018518421 922.0355666003943 1245.6299924353589 1026.4301065055474 1471.398069372302 1471.398069372302 688.0323974800624 0.0 1251.0255018518421 1245.6299924353589 922.0355666003943 1026.4301065055474 1124.5722977293835 1124.5722977293835 921.5743332521961 930.8750383502422 930.8750383502422 742.0328074929417 688.0323974800624 1379.9235375963794 922.0355666003943 1153.2933492645907 1379.9235375963794 1153.2933492645907
922.0355666003943 1245.6299924353589 922.0355666003943 1379.9235375963794 1471.398069372302 1124.5722977293835 1124.5722977293835 1026.4301065055474 930.8750383502422 921.5743332521961 1251.0255018518421 1026.4301065055474 1251.0255018518421 1251.0255018518421 0.0 921.5743332521961 722.4835278416064 922.0355666003943 688.0323974800624 1153.2933492645907 938.551898632327 1471.398069372302 930.8750383502422 938.551898632327 1251.0255018518421 722.4835278416064 921.5743332521961 921.5743332521961 1471.398069372302 922.0355666003943
921.5743332521961 1124.5722977293835 1124.5722977293835 780.3759011676516 1245.6299924353589 930.8750383502422 1124.5722977293835 742.0328074929417 1251.0255018518421 1153.2933492645907 938.551898632327 1124.5722977293835 1026.4301065055474 1245.6299924353589 921.5743332521961 0.0 1153.2933492645907 1026.4301065055474 938.551898632327 1379.9235375963794 1153.2933492645907 1153.2933492645907 1245.6299924353589 921.5743332521961 930.8750383502422 688.0323974800624 1245.6299924353589 688.0323974800624 780.3759011676516 1379.9235375963794
938.551898632327 1471.398069372302 1471.398069372302 922.0355666003943 1026.4301065055474 1026.4301065055474 1251.0255018518421 1026.4301065055474 1245.6299924353589 930.8750383502422 780.3759011676516 930.8750383502422 921.5743332521961 922.0355666003943 722.4835278416064 1153.2933492645907 0.0 1153.2933492645907 688.0323974800624 688.0323974800624 922.0355666003943 780.3759011676516 938.551898632327 1153.2933492645907 922.0355666003943 938.551898632327 930.8750383502422 1026.4301065055474 742.0328074929417 742.0328074929417
922.0355666003943 1471.398069372302 1124.5722977293835 780.3759011676516 921.5743332521961 722.4835278416064 1245.6299924353589 1153.2933492645907 742.0328074929417 722.4835278416064 1251.0255018518421 1471.398069372302 1379.9235375963794 1026.4301065055474 922.0355666003943 1026.4301065055474 1153.2933492645907 0.0 1153.2933492645907 922.0355666003943 1153.2933492645907 938.551898632327 1251.0255018518421 1026.4301065055474 938.551898632327 688.0323974800624 921.5743332521961 688.0323974800624 1471.398069372302 1471.398069372302
722.4835278416064 930.8750383502422 1124.5722977293835 688.0323974800624 922.0355666003943 1124.5722977293835 722.4835278416064 1245.6299924353589 921.5743332521961 742.0328074929417 1471.398069372302 922.0355666003943 930.8750383502422 1124.5722977293835 688.0323974800624 938.551898632327 688.0323974800624 1153.2933492645907 0.0 742.0328074929417 688.0323974800624 1245.6299924353589 1153.2933492645907 780.3759011676516 1251.0255018518421 922.0355666003943 742.0328074929417 1245.6299924353589 1026.4301065055474 930.8750383502422
1026.4301065055474 1251.0255018518421 780.3759011676516 1245.6299924353589 1153.2933492645907 1026.4301065055474 922.0355666003943 921.5743332521961 930.8750383502422 922.0355666003943 1153.2933492645907 688.0323974800624 780.3759011676516 1124.5722977293835 1153.2933492645907 1379.9235375963794 688.0323974800624 922.0355666003943 742.0328074929417 0.0 921.5743332521961 1251.0255018518421 722.4835278416064 780.3759011676516 921.5743332521961 1026.4301065055474 1251.0255018518421 1471.398069372302 921.5743332521961 722.4835278416064
1251.0255018518421 742.0328074929417 938.551898632327 722.4835278416064 1124.5722977293835 922.0355666003943 1251.0255018518421 938.551898632327 921.5743332521961 688.0323974800624 1153.2933492645907 1153.2933492645907 780.3759011676516 921.5743332521961 938.551898632327 1153.2933492645907 922.0355666003943 1153.2933492645907 688.0323974800624 921.5743332521961 0.0 688.0323974800624 938.551898632327 722.4835278416064 922.0355666003943 930.8750383502422 922.0355666003943 921.5743332521961 1471.398069372302 742.0328074929417
922.0355666003943 930.8750383502422 1153.2933492645907 1251.0255018518421 1245.6299924353589 742.0328074929417 930.8750383502422 922.0355666003943 922.0355666003943 1026.4301065055474 938.551898632327 1153.2933492645907 742.0328074929417 930.8750383502422 1471.398069372302 1153.2933492645907 780.3759011676516 938.551898632327 1245.6299924353589 1251.0255018518421 688.0323974800624 0.0 1471.398069372302 938.551898632327 922.0355666003943 938.551898632327 938.551898632327 1245.6299924353589 1153.2933492645907 1026.4301065055474
1471.398069372302 742.0328074929417 930.8750383502422 722.4835278416064 921.5743332521961 1379.9235375963794 742.0328074929417 1153.2933492645907 1026.4301065055474 1026.4301065055474 921.5743332521961 930.8750383502422 1153.2933492645907 930.8750383502422 930.8750383502422 1245.6299924353589 938.551898632327 1251.0255018518421 1153.2933492645907 722.4835278416064 938.551898632327 1471.398069372302 0.0 688.0323974800624 780.3759011676516 1379.9235375963794 688.0323974800624 1471.398069372302 742.0328074929417 1026.4301065055474
1153.2933492645907 1153.2933492645907 1124.5722977293835 1026.4301065055474 930.8750383502422 922.0355666003943 1245.6299924353589 921.5743332521961 938.551898632327 1124.5722977293835 1245.6299924353589 922.0355666003943 1153.2933492645907 742.0328074929417 938.551898632327 921.5743332521961 1153.2933492645907 1026.4301065055474 780.3759011676516 780.3759011676516 722.4835278416064 938.551898632327 688.0323974800624 0.0 1251.0255018518421 1245.6299924353589 688.0323974800624 930.8750383502422 1026.4301065055474 1153.2933492645907
922.0355666003943 742.0328074929417 938.551898632327 1379.9235375963794 1251.0255018518421 1026.4301065055474 1124.5722977293835 1251.0255018518421 1251.0255018518421 688.0323974800624 722.4835278416064 1124.5722977293835 938.551898632327 688.0323974800624 1251.0255018518421 930.8750383502422 922.0355666003943 938.551898632327 1251.0255018518421 921.5743332521961 922.0355666003943 922.0355666003943 780.3759011676516 1251.0255018518421 0.0 938.551898632327 722.4835278416064 922.0355666003943 1379.9235375963794 1471.398069372302
938.551898632327 1471.398069372302 921.5743332521961 938.551898632327 921.5743332521961 722.4835278416064 930.8750383502422 921.5743332521961 1153.2933492645907 1471.398069372302 722.4835278416064 1251.0255018518421 1124.5722977293835 1379.9235375963794 722.4835278416064 688.0323974800624 938.551898632327 688.0323974800624 922.0355666003943 1026.4301065055474 930.8750383502422 938.551898632327 1379.9235375963794 1245.6299924353589 938.551898632327 0.0 688.0323974800624 780.3759011676516 922.0355666003943 742.0328074929417
1026.4301065055474 1153.2933492645907 1153.2933492645907 722.4835278416064 1026.4301065055474 1251.0255018518421 922.0355666003943 1153.2933492645907 780.3759011676516 1471.398069372302 1251.0255018518421 1245.6299924353589 722.4835278416064 922.0355666003943 921.5743332521961 1245.6299924353589 930.8750383502422 921.5743332521961 742.0328074929417 1251.0255018518421 922.0355666003943 938.551898632327 688.0323974800624 688.0323974800624 722.4835278416064 688.0323974800624 0.0 742.0328074929417 1251.0255018518421 1026.4301065055474
1471.398069372302 1379.9235375963794 1379.9235375963794 930.8750383502422 688.0323974800624 1379.9235375963794 780.3759011676516 742.0328074929417 1251.0255018518421 930.8750383502422 722.4835278416064 722.4835278416064 780.3759011676516 1153.2933492645907 921.5743332521961 688.0323974800624 1026.4301065055474 688.0323974800624 1245.6299924353589 1471.398069372302 921.5743332521961 1245.6299924353589 1471.398069372302 930.8750383502422 922.0355666003943 780.3759011676516 742.0328074929417 0.0 780.3759011676516 938.551898632327
1379.9235375963794 742.0328074929417 1379.9235375963794 722.4835278416064 722.4835278416064 938.551898632327 1251.0255018518421 1026.4301065055474 1379.9235375963794 1026.4301065055474 780.3759011676516 1251.0255018518421 722.4835278416064 1379.9235375963794 1471.398069372302 780.3759011676516 742.0328074929417 1471.398069372302 1026.4301065055474 921.5743332521961 1471.398069372302 1153.2933492645907 742.0328074929417 1026.4301065055474 1379.9235375963794 922.0355666003943 1251.0255018518421 780.3759011676516 0.0 930.8750383502422
722.4835278416064 1124.5722977293835 922.0355666003943 1251.0255018518421 688.0323974800624 921.5743332521961 1379.9235375963794 1251.0255018518421 722.4835278416064 930.8750383502422 1251.0255018518421 1471.398069372302 1245.6299924353589 1153.2933492645907 922.0355666003943 1379.9235375963794 742.0328074929417 1471.398069372302 930.8750383502422 722.4835278416064 742.0328074929417 1026.4301065055474 1026.4301065055474 1153.2933492645907 1471.398069372302 742.0328074929417 1026.4301065055474 938.551898632327 930.8750383502422 0.0
